345
132
225
131
79
303
236
289
222
252
62
334
101
100
181
142
274
51
277
212
346
12
307
290
208
343
200
242
139
74
95
141
120
261
104
194
40
267
254
93
157
240
238
323
312
38
143
180
55
260
148
224
75
328
2
301
348
138
211
65
82
113
309
228
77
325
311
339
272
305
217
137
313
257
263
16
67
27
45
171
64
185
330
296
24
57
197
73
76
234
221
58
213
268
127
337
232
29
155
178
282
68
53
191
300
182
193
299
98
314
244
246
319
226
270
146
322
34
247
111
81
214
329
266
317
11
321
229
174
121
144
106
3
195
304
86
262
70
324
283
119
97
145
243
7
187
41
205
72
1
271
118
286
52
168
223
258
10
31
78
92
156
335
115
344
147
8
125
150
165
99
154
117
297
169
245
288
149
136
84
17
248
39
256
336
201
50
293
280
349
22
162
103
60
9
210
110
310
204
342
237
20
347
220
316
21
198
338
134
85
133
250
173
54
284
231
46
179
32
341
30
4
96
19
239
63
295
49
315
59
166
109
199
69
184
219
233
126
129
235
285
172
189
278
308
259
279
167
241
294
13
33
215
196
251
190
130
48
206
88
47
331
83
91
25
306
37
203
164
216
253
202
188
298
320
128
318
43
140
327
230
90
183
107
249
36
18
87
264
291
114
152
218
292
135
112
44
123
287
163
116
26
326
124
61
175
158
35
350
273
6
89
302
42
28
122
151
102
159
269
80
66
177
333
161
153
275
227
281
265
186
255
192
209
332
108
170
23
207
15
105
340
14
56
94
160
71
5
276
176