732
2065
2277
1276
3633
1299
1723
1335
825
1177
4942
4452
2053
4213
2906
3220
843
2905
1456
805
3792
2230
2365
820
3370
3693
520
4742
1767
3120
3368
341
733
438
76
1228
4859
633
1029
1127
1234
34
2296
4676
938
3065
4421
3085
4266
2029
390
215
3866
3480
1759
4592
1092
4388
206
3779
1622
1611
1685
4315
3380
241
4487
3152
65
4309
2151
1435
4261
619
2838
627
498
4539
2639
632
3366
3659
3325
2658
4125
4945
3820
2763
1650
3934
3914
4102
1731
4685
4623
3465
2796
4313
4802
1788
842
3983
892
1053
1302
3391
2026
162
2642
4924
578
751
4312
2201
1979
3284
4851
3960
3925
3356
3156
197
1193
3137
1707
4568
1297
4781
2031
4319
2921
782
329
4412
598
1289
706
2743
4935
465
2770
2995
4790
11
261
3660
4276
77
3737
3456
2260
437
4300
1584
2514
1346
4488
1934
2456
1711
4041
2677
3622
1555
3119
208
3712
1283
876
2459
549
319
4877
2798
609
1275
1632
3081
3746
1500
3835
1473
4
1314
774
4503
955
2579
776
4907
2938
4516
826
2004
4616
1831
219
402
3690
1574
2120
2524
3326
4320
4795
1745
866
3566
3246
590
3549
2438
2863
4759
3593
1715
2638
496
35
1135
1002
2175
953
1422
4072
4664
988
838
3369
3046
1539
1280
2636
2655
3310
4621
3300
3752
3547
1143
3345
4019
1088
1037
3455
572
2054
1525
3786
2344
4317
4681
381
3437
3538
3146
1818
2880
3929
3490
1113
1807
521
417
1387
487
2721
4401
3168
3727
3257
1420
4129
2809
88
4449
1581
2668
3450
2608
4082
2584
4380
1095
3933
3665
4258
581
2139
2782
985
1761
2773
3944
4264
1624
93
1782
1229
4710
2991
3103
3608
2693
461
2766
769
2050
3259
3389
4763
3793
1313
1999
1976
3946
3416
1842
690
2772
1055
1753
2205
2210
4285
3529
919
1920
4736
2303
1266
2396
4386
2754
244
1985
2833
4207
3069
1962
3064
3839
3594
356
1644
2389
1
3976
233
1356
191
2671
1815
4078
1628
909
1802
4820
2109
2531
3462
4103
1583
4930
4818
1256
2844
4511
1001
1626
3339
4843
3506
1364
3319
117
2578
2980
2294
1142
4626
3232
2544
4558
3868
3451
2220
2886
429
54
754
111
707
4645
2025
887
2403
1522
1209
2273
1167
4435
1284
2437
4564
886
1460
2894
3510
705
3243
568
1543
4371
3570
1093
2068
366
2223
1702
278
3147
2473
38
4833
4932
4363
4379
4677
4485
1961
1620
2243
3846
1678
1643
4563
4214
839
792
1915
760
3592
945
3144
2872
3992
1494
2513
4764
917
2305
3028
1066
2450
1251
1406
4284
2600
4644
2352
3037
1148
3213
3278
2185
2926
1590
4575
740
3051
1027
4226
4183
3371
2128
553
3344
756
1243
4305
2785
1340
856
4417
4336
3504
310
336
702
2385
2217
4356
1367
1038
1537
2091
4360
2738
4050
4474
4389
1689
3241
3624
1407
3669
174
1412
4152
3333
3969
597
360
2457
3164
235
4148
718
2911
5
2272
1641
4753
1304
513
1654
1310
283
3172
3320
956
2189
4699
1464
1529
2984
3130
647
3797
3498
343
963
383
3509
2101
4822
660
4963
3098
1712
2609
4181
3667
2022
4180
2802
865
2792
4245
4138
3041
4517
349
942
2557
2614
1327
486
3957
2631
2764
4682
3872
4108
497
4297
3298
1571
2962
2244
1627
4345
1506
3507
2375
1834
4679
4890
2157
2134
2953
3796
834
1017
31
808
2306
4817
1812
3899
2830
2857
1475
645
1141
1938
4784
3132
2649
2074
4692
1499
2528
4031
2393
4206
2760
494
455
1405
3204
2681
345
1087
3678
2395
1399
2345
2401
2324
1600
4968
803
1668
3749
3628
4141
4087
1273
3066
1258
1765
286
602
1757
2736
3268
51
724
1717
1666
2287
42
2915
15
3694
3828
2264
4739
2645
4411
1751
173
2364
3982
3528
1009
4071
4936
1279
1665
3613
1179
3799
1968
4032
2697
4469
2691
639
2078
3527
653
881
4850
14
4595
2836
1773
2098
189
3637
1112
2751
2443
2131
4242
4447
4472
3768
2664
1436
2890
4221
168
1916
1431
2768
273
2871
4316
1663
4643
2973
1183
4543
1661
661
1864
2891
398
2414
1320
1253
292
4089
1050
4594
2914
1124
4486
2958
2858
1006
3184
2573
2630
2623
1553
3007
2321
3483
4220
469
2826
2683
4888
2435
610
1191
2149
2661
607
1162
4812
4672
3940
1267
3647
4707
188
216
2999
852
1498
1993
2171
2328
3915
4482
2060
1550
346
1382
1914
2472
3589
642
798
2993
2532
4010
79
599
3699
4407
1337
258
3621
151
4542
777
3580
1813
4869
4510
3612
4061
320
4581
1766
1700
719
434
1381
4671
1482
410
4919
3697
4325
2803
4612
1447
1199
4561
3186
4728
3386
1518
755
303
4357
2073
2309
1116
4198
1921
2994
2749
2356
3763
1930
3625
4711
2011
3091
1290
975
2096
2398
1858
123
3501
1424
1205
3603
3882
3467
2199
4415
2862
973
2846
2000
1058
4777
1248
230
44
12
902
1342
882
130
2392
2659
2710
1895
2304
4984
175
2465
1647
3598
542
3931
2271
3908
3010
4625
3071
2594
3238
3048
3273
2912
2195
52
1616
3668
2916
2373
3903
181
4423
4241
322
3713
860
3496
1837
4100
78
395
712
3248
3505
3115
2087
3758
2447
1769
1642
2428
3736
558
1152
4947
847
3577
3516
4686
4678
871
3230
1940
1483
4123
1806
3203
2099
1551
1881
2224
439
1311
1339
1235
4694
118
1078
2596
4703
4631
2066
2077
391
905
2940
3857
1662
4463
1474
4675
4004
2549
3806
2405
4184
4904
2106
2416
3323
1031
2170
3492
634
4974
526
24
1373
2885
1120
1969
3818
4055
2966
1743
3439
4470
3670
2794
3912
4566
3901
2082
3124
458
4088
3606
1937
4849
4398
1252
4591
3191
2180
3750
4188
4938
4373
3704
3508
187
348
1226
298
4834
1736
4342
1696
2216
3423
1645
295
3195
4229
1669
3998
943
1293
479
4060
453
4385
3524
3170
4852
3707
169
2526
72
727
1236
3080
883
3937
3588
3537
316
746
670
1679
4600
3844
4058
2901
1085
780
1472
3360
3832
3951
2898
1446
2354
4085
3681
1693
2887
897
4865
1533
3981
237
1764
1742
2105
2423
4766
1902
2941
3631
3372
1457
3794
3626
3489
509
4950
2064
794
4493
1501
2115
327
4758
2477
2704
4440
250
4428
2822
2599
3385
4224
10
2497
3920
2585
2429
1200
4879
4179
30
4126
3086
4614
4243
2417
600
3971
2311
3568
643
2667
3802
3787
1097
741
2381
4374
1819
850
46
2163
26
3619
3573
4230
202
2977
1631
4395
3771
910
1197
2141
3534
1942
344
3346
324
4951
3902
4092
3316
3576
2293
2016
352
3705
1309
2418
2865
178
1924
4925
4921
4741
4009
1946
3656
1357
2811
1218
1455
483
64
3019
3034
1798
4874
810
355
3148
318
2123
1556
3682
862
4810
2507
4978
1869
665
131
3548
4370
4596
2895
4192
539
4545
1288
3157
4175
2567
176
4731
2190
739
530
2956
2625
2893
1064
1694
2407
3804
1328
3893
110
1263
2700
2656
1756
1594
1974
691
223
4216
1138
4662
4272
3131
2979
2292
4361
1791
2085
1272
655
4723
172
2708
238
3639
1153
2376
2245
1203
335
2730
3754
58
4870
3500
1754
3503
1444
4134
931
3661
3448
4151
1079
3341
2284
470
71
1513
1787
1471
2874
311
170
3176
3978
3464
3228
4263
817
2918
3112
4848
3422
2643
1655
3974
3116
4500
937
2960
2297
1527
421
2299
2605
257
4632
436
2461
2757
3997
884
2981
3607
4006
1282
4280
4720
2081
4394
4455
822
595
3045
3630
3491
995
2807
2684
3932
3770
749
96
4448
4097
579
260
3062
1629
2545
2055
768
1114
1349
586
3122
2177
3293
4958
4969
3811
816
3363
3374
6
958
4979
1324
569
1587
1944
1997
3855
3542
142
2635
2155
375
2341
4039
2987
2832
1178
656
2663
1877
2200
3837
60
2678
4024
4601
268
4622
1973
1216
3262
3531
4075
397
2466
2922
2104
926
2439
2351
4727
1168
2058
1059
3468
3111
3851
3057
3958
4327
3093
4109
2817
855
2929
4104
1790
1442
4301
4998
2690
4137
1231
1660
369
1721
2986
812
2779
1026
3296
901
3433
3225
4804
3826
2402
4295
2499
1554
4073
518
1174
364
2007
4794
2983
2246
1417
4701
1308
3485
3870
4648
1906
2153
1851
971
2946
340
3408
190
575
770
2382
3136
3205
3917
1369
906
2479
1929
2701
3226
1269
3776
3572
94
3716
1312
2408
3267
1542
2882
3565
3143
2582
3209
832
4362
2804
3877
4949
3474
4059
1131
2279
2695
548
3234
3481
1465
45
4466
280
1853
3641
400
1779
1804
891
1075
3772
1794
3530
1772
3680
914
4673
293
3878
786
2318
3865
3471
262
2831
1171
978
3053
1329
626
585
766
1577
1264
2124
2521
673
4182
4420
519
3022
2017
4813
3072
430
3513
1686
2925
4427
2559
2570
4772
2943
925
3995
2810
1676
2952
4119
2845
3096
4544
823
1110
4193
957
2821
3235
159
2196
4811
3805
4609
2705
4757
4660
1013
2734
433
4826
112
3996
4131
2648
4576
1656
1965
2198
3991
17
4265
4649
2485
1695
4098
4972
742
584
3894
412
544
4959
2689
4721
895
2650
1508
1181
944
3645
365
3409
4147
4274
874
3395
401
242
1386
1149
3569
2329
358
2266
2996
4537
1353
314
3193
2939
5000
3384
1887
2378
649
701
2553
2415
3847
1752
2142
3950
778
2500
2232
3446
567
2750
3414
4027
3008
3486
119
20
4047
2140
4916
675
4163
2413
2049
3258
4526
2250
363
921
1032
1659
4396
3591
1102
557
3484
1487
2021
3188
4688
205
1534
912
1846
3260
700
1573
3407
1994
441
4186
48
2012
2767
1633
1896
1867
4014
3177
2046
3584
3943
171
2859
3747
3745
3990
474
3939
2100
2868
4873
3038
2827
3077
1046
1221
4562
2194
56
4153
1681
1244
1012
1863
2835
1844
3742
4897
2182
4816
2302
2219
3101
2595
4785
3522
1118
4446
2722
3961
4889
4116
861
1608
2944
4095
1011
744
688
2285
3523
948
2453
1737
2873
2878
2411
2322
49
1300
4270
2154
1605
275
3653
804
3133
877
1080
1512
4146
3494
1150
3288
3696
3830
4698
1811
1196
3834
2240
4565
3563
353
4674
4906
2317
3692
2006
1108
2079
1992
2119
960
1145
3309
869
3017
2552
2116
4642
4283
616
3583
4514
1845
1783
528
4246
651
3816
888
3324
3850
4022
2238
4105
3778
3367
2555
4166
4629
3927
2038
3813
2041
4194
601
1184
532
1278
4992
1673
4524
1541
1071
480
2731
4886
1334
2208
4007
59
2441
989
2610
2565
4970
1801
4883
2051
2108
2612
4839
4627
89
2783
4157
3194
867
1730
3567
3394
4329
3535
3304
1612
277
1018
1281
3564
148
2737
373
1452
2718
807
4714
4438
4013
3044
21
1136
4218
1051
3871
982
3975
704
4863
1989
3859
853
1677
198
1519
588
828
4444
2504
184
4875
3541
785
4494
2551
2137
1414
729
4334
4719
4495
1771
2042
4767
1418
315
962
3032
4323
1625
1931
1402
4262
4023
4768
2866
1047
4376
1699
4442
4867
1710
1933
2687
3272
2548
4154
1789
4257
916
2076
4378
765
4084
445
1271
565
4726
4267
3913
1497
1182
2083
1371
1210
2733
4901
4018
4520
3487
2425
1963
1955
3047
47
4929
4845
3217
2501
2330
2723
946
3171
4571
3182
3638
1566
713
2247
2331
249
935
1981
1526
3245
900
84
2353
3466
3327
801
2350
147
1718
2520
1005
1739
1927
4552
3294
4403
3030
1146
2537
3928
255
4133
3822
4735
1433
3189
3277
126
2072
1400
4624
4499
61
2326
4130
4173
1714
2924
163
571
2516
3909
1166
1476
4914
4201
4008
4787
951
3187
3717
2276
3884
1363
4281
464
4944
264
2444
1840
693
4706
696
4807
2870
1192
2112
1385
3183
4831
2258
3070
3478
1983
3891
1151
4001
3614
1899
4771
4815
1100
3059
2289
3215
3888
4217
1395
4406
332
899
13
3972
2860
1535
3919
4287
2270
431
3068
2774
1021
4567
923
2005
3725
2505
1477
2298
1117
898
4296
2015
3401
3454
1568
75
4340
3895
3897
2581
640
4504
4127
2048
753
2252
1408
3539
4769
3986
467
4770
1063
1725
3709
2968
3556
1634
1470
3918
3536
3181
3775
2761
1988
2062
3499
2935
1953
758
3040
4269
1580
4282
592
3269
2992
4775
3907
1708
1947
1379
2486
2312
1572
3706
2036
1158
3162
2394
1096
4391
4124
3089
1360
3618
4237
2335
547
1242
3651
1222
2340
1682
4893
3393
784
1589
2851
2342
263
1270
831
1429
1770
3956
4696
4497
2161
3308
3452
1043
4522
2136
122
562
4716
4548
4025
1602
2601
555
3739
531
3301
2726
3674
2629
309
4210
4608
3883
4211
3597
3150
4405
2003
972
2086
511
4986
252
991
3729
2603
2037
3141
1898
1224
3945
1489
1375
4730
1016
2323
3441
1862
4382
4740
2854
566
156
139
1892
1469
534
1065
2560
2971
3087
1889
1392
1514
2920
1390
1614
3815
377
1207
3856
3291
3649
2187
1824
4667
747
4788
3329
4748
1326
161
4275
941
2008
2864
2965
2728
3886
2188
1495
815
4238
1619
954
3719
136
1128
3417
771
4035
3629
3049
1744
1212
3497
2607
2711
3355
1140
3673
2998
3387
4587
2156
4172
440
2471
525
4292
2672
3984
4943
4922
3400
4260
2421
4569
1901
672
378
3596
1672
1485
2110
4478
1352
659
2518
3795
1884
2587
3715
2602
4052
115
1073
1651
1780
4066
4234
2442
4045
4250
2249
1491
986
4324
1897
1213
160
2688
4350
370
1503
4952
2511
750
4053
1588
4483
2316
57
611
3849
3390
3397
4512
4854
4026
998
4067
372
179
330
4896
4377
135
2974
3511
2569
1301
2095
4866
3149
2780
4069
28
3671
3741
3334
3233
1908
3616
3035
3999
1277
4973
4647
1134
667
1245
308
685
1977
594
2404
728
1923
2791
1540
4798
3240
1795
2954
3636
2883
2084
1585
3730
3106
1019
1826
2550
4424
1706
4453
3265
1775
4585
3054
2744
2422
3663
692
2147
1036
533
1230
4426
4602
722
4434
1438
1835
1154
3004
4534
485
3843
541
1396
3517
2464
1950
2812
1042
4348
1805
3985
2875
1894
2387
2970
1020
3362
4513
3853
3311
3873
3198
3512
608
4934
457
4178
1389
1119
2283
4170
999
39
4093
104
3134
1520
3283
1082
1883
4062
4473
4528
2390
3672
387
2454
743
3953
1449
1101
2909
1274
1372
748
4856
717
214
3303
4159
305
772
4658
507
875
4480
2363
545
2725
1441
2840
2653
1255
97
150
4525
213
1843
3823
100
4475
3013
3428
3650
4937
3595
4489
4536
1857
3973
612
501
3860
4390
1868
3502
3420
3432
2231
538
3307
4806
3445
1749
2337
928
1295
2290
829
1911
4454
3088
4835
2366
4203
1188
2662
1561
1986
4353
2852
3461
4128
4339
1025
3270
2179
3328
288
4991
4368
4114
2145
1878
1384
3411
922
3079
1733
1394
1139
1859
1198
4868
4837
2861
3312
3617
403
947
3427
4199
2626
4065
1972
2359
2160
1004
196
720
2902
4212
1419
86
2420
418
2268
2576
248
82
1061
4760
596
2203
2129
4553
2634
4864
32
3854
1925
3104
1130
37
3911
560
1546
368
1559
4782
2248
2554
3688
3055
1214
489
4404
4985
4718
2498
1990
3107
3867
4122
25
694
113
4653
405
3286
3023
1355
2546
1636
994
859
1170
814
968
730
2713
1991
3555
3178
4590
796
2325
715
1237
2904
4049
3403
1062
993
622
4464
3082
1615
4697
224
1738
254
3460
1820
2209
3381
4399
3102
4326
2699
2674
4584
3463
2742
3687
2056
561
2976
2575
3247
4306
3970
2972
658
2740
2666
3532
3127
1176
582
2597
1265
4365
2181
452
106
1504
779
2800
2469
617
896
1855
907
3165
603
3012
449
3519
404
2637
2482
4546
3430
2265
1603
3543
3229
4054
4640
4150
3033
3299
1891
4891
1169
4392
1186
4551
3121
133
4190
4278
4761
2492
1747
2495
2917
889
2291
2759
4496
2950
2436
2034
4209
4277
2613
4233
1667
1975
1317
1664
1257
4249
1828
367
4070
1984
3761
1726
4254
1825
830
4162
4550
92
4836
2327
1238
3139
4610
2371
4393
2702
3429
484
4960
2978
1675
4628
1532
492
3287
3648
3274
3061
2712
2228
2235
50
1800
1220
4903
1926
757
4492
3965
4573
2165
1159
3881
1450
153
3789
4809
1956
3140
4408
950
537
3406
83
2641
376
1380
3780
3292
2756
4844
3335
158
1515
1401
1423
2948
576
4099
3686
2919
3014
1056
317
4253
630
218
984
4976
3675
4652
3237
2313
908
2897
2632
1039
3214
3315
4657
1549
1000
3720
3814
2478
503
4793
4779
427
624
3587
3632
4593
4684
3361
1617
593
4996
4700
4252
1595
3196
1054
4892
2963
1165
4347
2515
2675
4737
1808
3879
4367
915
2
4132
4732
1803
2397
1351
3359
3600
849
708
137
4911
1044
4202
326
1084
140
4876
2468
2619
1306
357
4437
125
1871
3861
637
4038
4604
4745
4355
271
2412
787
1683
1439
2212
2517
3396
1565
613
3906
2013
689
3155
4702
2654
2063
1122
2458
3988
1083
4090
2703
4443
446
2143
2349
411
4498
134
299
29
644
2745
1074
1344
1728
3306
3889
4860
3447
3313
845
2178
2460
2923
4954
2686
806
4033
961
1391
1067
4076
488
2103
4208
4872
2522
2561
615
1698
893
2367
2172
2158
4752
1910
2698
4738
1823
1569
3864
4011
762
2039
3083
4043
2541
3515
4894
3700
1223
2907
127
4574
4149
4016
970
4751
442
3825
3126
23
967
4290
2164
3105
3263
1368
3382
225
4519
1936
129
1023
3364
3525
4773
3021
2735
604
2204
2166
3652
3987
1195
589
3239
1202
3620
4509
2813
679
2455
3836
3644
149
3443
4107
1833
939
508
3477
138
3833
3200
2446
4200
379
2849
4268
423
425
380
1912
1024
3318
3781
2409
1388
2144
490
221
980
3249
4656
990
2211
3634
3210
2739
1123
2790
913
4695
976
2433
2694
3916
2947
3824
1890
3254
1359
272
1640
2670
1998
3025
506
1443
1109
4824
472
1330
4139
4808
4051
4881
2241
144
3351
2899
3337
2336
4717
4556
3078
3590
207
386
4956
2282
4271
2628
1697
4155
1854
2043
284
1030
2191
4515
1225
4232
3169
969
4311
2793
1648
296
1415
964
3764
4036
3495
1830
1564
2765
4756
4251
1091
3898
1086
3336
536
3290
681
4244
413
512
4579
1285
2288
3219
4490
650
3016
4549
3586
331
1458
1970
878
1331
2534
4659
2135
3863
4383
725
4176
3252
1652
1175
1836
3289
1592
2611
3377
1888
2969
3095
9
710
4899
1777
3755
4422
837
2509
3658
450
4599
4708
4750
904
1623
1010
2707
4358
1111
1057
2867
3930
2535
4205
1490
2040
3819
270
2583
4855
342
1548
116
3236
3967
1492
4029
3000
1562
2841
2829
981
3476
4670
3924
1303
1674
1932
1232
1468
4832
1003
1404
1987
2027
3419
1528
120
2806
2377
3099
4223
3726
1413
4003
4381
3922
339
226
2748
3808
788
1440
703
4829
2427
4106
2753
979
3734
323
535
4796
3373
2818
2577
1246
840
2781
1635
790
1893
1719
3253
3160
4143
325
2295
451
857
4196
2281
3558
3942
4112
3852
2842
3024
737
4248
1618
1684
3722
3222
210
1305
2167
2130
505
69
2102
992
4842
4683
3353
2719
4630
3657
4927
827
543
4161
4441
3710
4291
1052
3042
1332
2758
3118
157
3020
1157
4228
1903
4177
3731
4962
3405
1454
471
3005
648
3458
4081
2093
2410
4598
90
1315
4955
2030
3604
2502
1544
2536
2118
3514
3036
2320
716
2616
1785
2825
40
4113
4273
2975
2985
281
674
3954
591
1872
2372
229
2816
2908
811
1957
1860
447
1362
2014
3027
933
1971
2159
204
1421
1688
4982
2080
1022
3275
1241
515
3964
680
1133
2696
2752
2251
4457
4588
1121
3627
3197
2680
4651
4755
3518
1861
929
3074
4871
3769
4086
3002
4918
1249
2174
4920
62
2009
4413
4939
2445
4310
2388
4948
4410
3018
4661
2777
4048
623
1810
2380
4225
1115
573
3782
1885
351
454
444
2959
3058
3949
1496
306
2254
3993
819
199
3635
1847
3216
2556
2391
388
4663
70
4965
3785
3533
2945
3117
2606
297
3159
2547
2399
2519
2222
2934
2538
4531
1709
1740
3777
1797
2778
2997
2206
1206
384
2133
2474
1816
4830
2824
4439
4227
2543
143
1722
2795
3762
3227
2660
1958
287
4012
2431
605
879
1187
2434
3545
3765
3097
4722
2379
3109
2269
574
4635
2357
4057
4471
3314
3322
4397
4988
4606
4318
1292
2333
2647
371
105
1904
2122
699
2088
3723
3601
2089
1720
4908
4432
2876
4917
4639
3842
3735
4603
3766
3611
3399
4613
1776
2508
456
186
802
4578
4456
3332
4774
4165
1333
1879
3475
4797
1980
493
848
646
2355
1922
3114
4366
466
3425
4289
4669
1486
1426
2253
4414
477
227
3936
2207
63
3123
3352
4364
686
4583
1996
1900
1155
4957
415
1261
4559
4792
4458
1103
4841
2462
4709
2257
4375
2503
267
1254
2592
2018
2374
3962
3026
1557
1610
4926
2949
2406
4887
3412
1076
3767
1502
2475
3153
4384
1701
2933
4994
2052
406
4314
2090
4288
2452
799
721
3201
711
4462
239
4665
2558
3266
870
662
2787
407
1599
3084
3135
2261
2280
4142
3031
3073
4080
3145
2278
4101
4527
2239
4481
3331
514
1639
3418
290
618
256
1398
3158
1609
4346
3574
4634
2850
3063
3410
1287
3756
4431
74
4689
2339
4197
1105
2400
3076
354
764
1784
1670
4789
4335
4174
2591
3845
3554
102
1366
3571
499
2853
4333
2964
2315
4042
695
2525
759
2562
4913
2183
1511
516
523
3349
3052
1296
682
3753
145
3163
1015
858
333
2152
3711
2877
1428
4577
1658
3350
1729
3829
2805
2932
476
4030
797
620
1713
1478
2673
4215
209
3444
3242
4219
282
1322
3218
68
940
393
1172
1848
868
2540
1033
4857
193
4712
1070
709
3392
767
220
4518
3297
2146
1978
276
3923
2604
1521
4838
1576
1637
793
4825
4015
1217
3472
3340
3947
3887
3581
3108
4083
2530
3862
3791
4506
3212
2527
2580
4308
977
1321
2903
482
3803
2669
3208
1570
3029
3910
3453
2059
1880
2571
124
1247
4303
1480
228
2747
3800
3264
4540
36
4743
3703
3271
587
1098
4980
4605
2255
1354
676
4451
4607
1982
4666
2028
4321
2419
4189
1870
3560
4236
2094
4286
1069
1239
416
1008
3553
1034
4977
1687
462
4328
3526
1378
809
500
2715
3562
3375
2319
408
3783
2449
3206
2347
1941
4167
524
2799
2564
795
4465
3714
3724
4885
2989
361
154
1829
2512
1558
2071
1928
1259
4801
3948
1951
4299
3848
4799
3550
911
3343
4646
2035
109
4617
2692
965
4910
4846
304
3276
997
475
1505
4338
2067
3585
2593
1649
4185
775
2132
3662
243
2568
2881
3459
3841
677
4074
4400
3006
4418
3383
3438
4507
654
4933
495
2150
285
98
1462
3255
2213
736
3921
1416
4467
3684
2259
1691
1796
4034
3281
723
4805
4468
1793
1960
16
4056
2121
683
1680
4819
3575
1089
4680
2967
53
559
3676
4476
4530
1409
3885
1325
638
1040
424
636
4555
894
3605
155
1809
2114
4981
4369
851
2716
4298
2047
3896
428
2113
3774
2069
1856
426
3282
2214
4063
1077
2574
3685
1671
3552
924
4638
2627
1907
3365
2618
1536
1189
3926
1262
164
2955
2424
1350
1268
4501
932
2467
236
3151
2848
1106
2001
614
3695
2957
3435
4915
33
347
2075
1227
3666
3578
2361
4409
818
382
4966
1621
949
4433
4928
103
1966
4430
4880
2496
307
4402
3615
392
246
4560
1530
1732
3166
1876
2928
289
3980
1545
4940
108
3001
3610
99
3989
1692
2221
2837
4144
2169
337
253
3683
2930
2426
2621
1479
550
3256
41
813
114
3821
3279
1959
2746
1613
185
3544
2386
321
2092
302
3404
3285
1345
4331
1852
4079
1316
4460
4077
3738
3142
4821
2652
3295
4734
2215
91
4140
359
3056
1827
1653
4017
3473
1935
2176
491
1323
2879
841
3952
4902
3557
1410
4975
844
266
2506
2493
3801
3223
3039
2539
232
4693
1760
2032
996
27
2226
2776
212
1850
274
2741
1147
3559
959
2617
1215
374
4803
1104
4641
1208
2332
2589
1341
2717
1488
2784
1964
563
300
3202
3876
1319
2896
2892
2125
3167
4999
422
1307
2346
1211
4164
4479
3110
1882
4637
4547
2775
1041
3358
606
1510
3231
2706
414
2771
4240
1068
1250
854
3415
1781
3469
628
4961
3643
3721
4255
3207
2732
3708
231
3100
864
2024
3125
4997
1538
3011
3015
3330
3421
1048
1841
2814
2033
1873
783
936
1575
885
1832
1705
1318
4800
4687
1376
4995
396
3838
1233
522
1792
4002
1817
577
3807
4118
19
1578
1703
3398
3840
1524
3043
128
3858
1913
468
3180
195
1348
420
1347
1107
2233
1370
2724
3493
2685
312
621
245
2620
2097
419
247
791
4993
4650
2020
4235
1180
432
435
3138
3728
18
4619
2789
8
2820
4304
2598
583
4765
1045
2533
4461
3810
2002
4898
3784
1630
2651
738
3655
2010
2300
3743
3546
3482
3347
2360
3261
3442
4115
2828
2192
4884
1126
4895
2640
2927
1849
3175
1918
1007
2801
1383
3640
1201
4145
3244
1361
4744
1948
3579
1727
3654
240
3436
1185
1954
668
4989
3003
546
510
3689
3009
4302
4459
328
1160
2430
182
1746
1839
1531
2148
918
2483
527
1129
763
3732
3561
4021
259
460
952
4814
1090
2808
1459
554
3935
4725
1060
1336
3904
903
2769
4791
2900
4535
1156
752
291
2727
1821
2823
1411
1939
1838
4046
2982
1397
4169
4110
2961
2193
1081
4853
3092
698
4724
4343
1579
835
1481
2263
684
1814
4419
4239
1190
4620
4425
3994
3698
3540
2869
580
1463
966
107
4508
4349
3966
2633
2314
3809
4259
183
4330
652
4704
3900
1163
1865
1657
3582
833
1905
2310
313
4746
1493
1338
2624
4195
1598
625
67
2286
4780
2665
4572
3192
4557
657
1509
4589
3431
2839
2489
1437
570
872
4713
152
2590
4967
3938
3955
1173
4705
1607
269
473
2338
2236
2834
1467
3874
1778
2227
3817
399
1291
1374
2168
3890
4171
666
1591
3941
3440
1466
121
1028
4931
4749
2563
1786
4111
1137
3744
1741
2755
80
1758
4964
2588
4160
3199
3305
3348
4862
4135
2913
3067
2173
1567
1049
2572
3759
4554
4156
1072
3154
4861
3251
1377
4279
3757
3321
678
1260
4359
4715
1874
1286
3094
1917
3190
3302
4387
2343
101
4091
338
4983
3827
2432
1582
4580
1596
1523
1547
2237
3831
2369
920
2847
4000
3875
201
1967
443
3702
4541
3357
85
1516
3599
2679
2348
4858
481
3788
4827
3869
1144
3623
4136
3701
4754
2256
389
1995
4882
983
3646
821
1461
2370
1768
4222
4484
1606
4117
4344
146
2786
394
4521
1750
2275
2566
1604
87
478
4121
2197
564
2368
3378
459
687
4655
2491
192
1451
7
3892
4733
1484
2127
4840
3090
4570
3740
863
697
3959
2487
3977
4529
4909
167
2480
3376
4505
222
1755
529
4729
1343
2057
4762
3342
2218
635
4094
279
2484
4747
2988
2202
927
1445
2855
4256
2714
4923
3521
3221
265
177
1909
1517
4636
1432
4900
1646
3354
934
3113
4040
4990
1014
4941
211
1164
3905
4341
4538
4633
2542
735
2362
4654
3677
4786
217
4971
552
3449
1952
3434
1875
3457
203
409
22
2709
4204
1724
4946
294
3664
1866
2470
2523
2242
2888
1949
2720
4416
2481
880
1763
1434
385
334
2448
789
3963
2440
2138
2262
4337
3388
1886
4158
3790
4445
3174
2843
4987
1943
4953
517
1560
4028
3402
2308
1204
2384
4450
2762
1294
4168
4502
2488
3179
3760
3733
1748
4064
3
2990
43
3075
2889
66
2061
2307
4372
2044
3280
1425
2884
3718
1365
4332
200
234
4878
2529
251
1593
1099
4823
4354
4905
773
4783
4523
1194
2856
141
1734
2107
4231
734
1919
2815
3060
4307
761
873
2682
2910
165
4491
2622
1552
669
2797
4187
3224
301
745
2729
1597
2657
1563
1735
2819
540
3424
350
551
3679
3470
1762
930
2951
2274
2931
4005
824
1774
1448
3338
556
2358
4778
1403
4532
1601
1132
1704
846
362
2162
4477
2045
95
2023
4611
1945
3691
714
2186
55
4582
1822
3413
890
1799
3551
2111
2126
3979
629
1453
132
4322
2644
4533
4429
671
3748
463
3609
2234
800
2019
3250
3211
3968
502
4037
1716
1638
1219
3798
3173
3479
1507
631
2942
2494
664
4618
2476
3812
3642
726
2490
4847
2615
4191
73
3426
4691
3128
4294
987
3773
836
166
2184
504
2225
4828
4247
2334
3050
3161
1586
4597
3185
2383
4668
4096
4044
194
3880
4776
3751
974
3488
81
3129
2788
1430
3379
3520
1427
4615
2586
2510
2646
1690
1035
4586
1358
4352
2676
641
1125
1094
2937
448
2463
781
2229
4436
1161
2267
2301
4293
1393
4912
1298
3317
4020
2117
1240
180
2070
4068
2451
731
4690
3602
4351
2936
663
4120