1734
3828
5367
7271
4269
6048
8082
8352
1452
6344
320
3467
4265
7046
6116
5830
8323
2469
1241
3500
9148
6468
7732
2898
5663
2349
7872
7460
1889
7455
2452
6352
1977
4533
8039
8745
1903
2869
6572
9367
9752
195
9390
5104
2037
5481
8599
8165
5605
3038
8065
8283
8265
902
8112
1741
8377
8394
6146
3700
1767
1768
3974
9986
7931
2328
1280
2876
6895
5969
3770
2261
3277
2195
8809
6380
6551
1222
4434
7553
7104
5825
9914
622
5387
4346
7821
6782
2069
8097
7335
9438
2084
8338
4867
6959
8345
3357
8058
6768
3107
5232
1916
2482
5649
3055
7106
5541
6292
9984
2052
8201
7563
166
4248
802
8408
535
1549
1699
8475
472
3182
7481
8981
4785
5689
971
9854
9783
5937
1773
6431
1633
7435
2418
7915
5981
1866
550
1532
7617
7457
4333
2002
9361
5148
1308
8901
9463
5437
6
645
2620
8450
2017
4728
334
1940
7035
8576
5620
8629
9584
1854
3155
5775
7558
566
8955
3954
6287
9774
736
3898
1207
6783
9168
9566
3990
7272
2013
1945
448
5681
6606
8893
9218
3319
3753
508
6971
8536
5692
9646
3161
9857
4898
1367
1021
9452
5837
4007
1055
670
7933
76
7327
7021
8581
6754
7367
6695
5835
9330
7728
5307
7621
6284
4686
5833
5142
8508
4734
73
9094
6826
4751
6011
8466
8204
4866
5848
1138
9726
2930
7760
2733
6138
6597
459
2824
8124
3575
4806
7043
2108
3671
2368
742
5497
2545
3894
9754
4838
5168
4273
1562
8452
4323
5111
2483
1058
1803
8835
6272
2145
3957
2767
3374
6793
8386
4760
2635
8255
9269
1911
2614
4572
1680
9062
8001
5810
1110
4223
2489
8442
760
3829
6339
6634
8638
8018
2536
1345
1375
284
9038
1928
3217
3431
4824
5680
3350
2297
9333
3743
1967
4381
6683
344
4819
2189
1401
8234
3738
8490
7494
4859
7919
3669
9636
6966
4502
8653
9840
1618
4319
1157
9049
8787
1123
5731
3764
3656
553
6070
3590
49
5373
1257
1442
726
9560
3608
7927
1047
1546
4605
9737
225
5274
1503
2936
1003
4202
5814
112
4644
9366
4370
555
3070
2438
8613
5410
3704
8053
4511
1085
8321
8693
8316
5285
3295
1771
5944
8491
5748
4392
1140
3693
5567
9302
3861
174
6159
8719
7637
5710
8022
2303
7613
5330
4668
2702
6083
5533
2427
5946
8077
8108
2470
7334
376
879
8127
8690
6185
4754
7262
2252
7152
7362
7720
275
4799
2267
2972
7889
3059
9195
6056
5006
2184
8974
6989
261
9558
4679
9498
3970
2407
2621
3153
9792
6955
3597
828
6929
5566
1664
549
5361
652
7001
4167
2217
185
215
2825
3733
5905
335
1022
4642
5851
5525
7047
6836
980
5034
3141
1256
5256
1937
3569
5667
1704
4856
818
3062
3567
6648
4940
4389
138
611
5097
339
7125
4066
5107
3902
6392
8765
7650
7172
4513
5834
6363
3777
9983
7076
214
6020
6750
1078
1135
1355
5135
8024
6414
7990
9697
189
5393
1343
7399
3240
9882
4183
1682
8274
4444
4312
1263
6786
7281
8873
717
3661
3377
712
2508
5119
7668
6281
3662
2192
4203
6158
7897
5933
2061
1485
7495
7631
5205
4336
8928
9872
369
5163
3536
2704
4830
300
4862
9941
9735
7314
7200
2439
5931
6401
868
6260
8994
1655
6014
5421
3859
3995
899
4501
9939
2642
1179
7510
7761
1814
8771
3731
7208
5408
1904
2281
1692
7666
8922
7410
5360
2528
228
6171
2543
4717
7756
7306
1519
2219
3166
7372
3864
1190
7153
7177
2434
8020
6406
7511
7920
4555
2839
6188
2531
9401
4530
6101
9063
4395
5666
5639
8327
6972
1210
8966
6608
1636
6387
9844
4122
7052
810
2341
8920
3383
9970
2226
6350
9439
4137
5200
24
4332
6952
9806
7904
4789
113
6977
8099
4910
5471
2783
3288
7308
3691
7724
437
7098
6275
9833
9153
2782
9305
8892
1827
5919
659
6936
5505
6041
297
4387
9568
7725
9256
3542
2125
9765
2309
1193
9468
4883
3382
9146
5315
2461
7394
7663
2672
3402
7118
4249
8212
4932
3584
9643
9410
6456
2624
6682
9784
390
4659
5881
3745
9041
8927
2358
1566
3890
1683
585
7009
3648
2214
7248
8973
6464
6758
5698
6764
7881
4307
7149
8133
9471
6129
9738
855
2409
3170
7594
3530
6628
6248
4803
1801
4134
9600
4498
505
6698
3532
3593
9421
7587
6898
3523
8181
9637
987
4216
7408
5339
4632
5213
6004
5524
2653
118
536
4076
1691
4107
341
9227
4865
1574
9704
6654
3224
5790
8228
7712
179
5075
7310
4896
460
6133
6899
3564
3388
3184
4491
8222
9908
1084
4412
9414
3786
2176
5476
4295
7113
3517
1786
3989
5545
9039
4111
5746
6476
9207
393
8002
7018
521
9293
4887
5305
3610
6825
6190
9346
2713
1648
4217
9709
1197
5751
1890
3075
7586
1175
9394
6346
3386
4305
7669
691
5261
6868
4692
9639
8431
9701
8208
5093
5065
1362
1009
1935
1443
4900
7325
3696
7365
3732
5815
444
3040
6858
7298
9494
8010
7591
1973
3928
1261
5599
9911
2295
9698
1645
9953
8924
1420
2308
8334
9440
6835
785
6459
1702
38
7991
3715
8584
8849
4888
2988
1321
7642
2562
7942
6548
4390
4617
7010
3566
958
9455
4048
2604
538
2834
5114
7419
3296
8187
4833
1262
1707
9020
9671
5467
3050
2088
6884
7597
4359
2605
3808
5754
1743
608
6571
1598
7862
5947
9797
1658
9291
7718
2842
4176
2416
9563
7207
9324
9422
5374
8486
1487
8080
402
9188
3943
9947
545
3066
1482
6283
7938
8409
2817
7261
1277
7888
8764
4079
3158
6507
548
499
6882
6743
8726
9130
2579
9526
1105
6522
5516
5390
8542
907
2411
3740
2685
2542
8046
757
1019
9387
8456
5024
2167
7774
5219
901
7690
6796
6751
2855
1451
4886
5776
4222
2496
4356
8271
66
7830
4461
6368
1023
4350
2742
9157
4156
8424
3095
6335
5186
3534
415
8950
1936
7743
6766
7934
8880
574
6816
7956
6834
3976
5803
9992
5772
5159
6113
6259
5378
9226
4609
8992
929
5282
3284
1706
4349
6832
4942
8634
4050
665
3773
4495
1253
3229
4753
5227
8523
730
5073
6668
8188
2638
2740
9065
4094
9016
7213
1712
5982
5764
2251
5340
1423
6199
7795
414
1211
5489
7285
7602
3338
6326
8048
4891
8836
9932
3098
1731
2141
9585
2952
4018
3853
3244
3310
6787
9397
2848
4653
4044
6215
9304
8298
1040
8421
1592
7235
3922
4981
5170
4834
2618
2669
9937
6333
7994
6640
7588
1130
2
5820
9583
2515
4847
1558
2929
7468
7074
317
2884
671
2077
5986
2033
2155
3640
3484
6626
3660
1550
5723
6312
5654
4103
534
4330
4383
9841
7144
7433
8191
5331
3934
1008
9211
6109
771
9696
6426
6755
3031
1474
8686
1551
708
7759
1788
8741
1224
2588
5009
2694
5263
799
9081
8429
8876
9586
1665
2934
6623
2791
8090
1515
9971
1072
9499
5079
2971
7154
7186
6577
4170
4262
4536
5926
1537
4409
7729
4133
2627
5845
4362
2415
3920
2567
8679
3035
981
1494
7539
4015
4778
792
1413
478
6740
874
7672
7924
4983
5063
1331
744
6276
7478
6535
9963
8473
1247
5629
4991
4608
7359
5778
1358
9480
6853
6719
3378
9974
8178
1810
9870
8467
4946
1955
5827
7121
3094
877
8559
7983
1943
4209
4479
5547
2374
3208
3614
3672
7806
2648
1430
7824
9057
467
4220
3701
1968
6181
2757
7120
1663
3665
1213
7549
8116
3451
4906
6184
1073
1834
6715
1418
4126
7374
4517
5568
6730
9993
1612
5457
419
445
8427
7256
6479
4235
6532
8135
5598
254
9315
5870
7559
3726
3263
8900
3454
2555
794
4226
7269
6391
5637
2191
2750
1909
985
3474
6100
4828
5445
5488
9730
8279
348
7812
4931
7147
2751
5220
2035
1102
864
7965
9074
8269
7084
6094
6086
1491
1106
1748
597
4756
9349
3823
6247
7918
3486
2897
6092
8104
8814
3002
8258
4364
3255
1929
3670
9960
5364
3418
7466
4638
863
4716
5642
2517
2871
8299
9284
1219
6774
1234
5889
8357
8374
4559
8722
1506
1108
1559
5867
8411
3761
2081
4620
8784
6415
1010
4000
3929
4338
6478
8632
7225
5235
8049
5983
8602
989
3869
3591
4275
3481
9668
3809
4160
777
84
7277
2111
4365
2995
2270
260
9012
4602
7580
5129
5673
9985
327
5161
3342
560
3292
3232
2587
2682
3680
8092
8003
7501
8886
3504
4585
2320
8925
1090
3151
5120
6559
7969
6418
6811
6238
846
8762
1561
9776
5354
1933
3131
2919
2454
8303
2282
8717
8742
7320
9190
4879
9253
6314
4399
7403
753
4684
2765
5244
9011
3936
305
6980
8791
6666
8574
7643
1701
6288
7854
1208
8351
6111
2857
1797
925
4814
865
4840
3165
5004
1769
7401
5280
9083
42
4023
4465
8568
6067
9929
1169
974
1841
3620
3540
21
2738
5117
2213
9626
5674
3447
3830
3034
7291
3112
1689
2893
1144
1779
7916
6300
5284
4250
7056
4080
960
436
7730
1539
8767
7396
6962
1923
5669
3365
2453
4284
3180
7270
210
3434
7940
8744
2205
8929
5414
9601
6660
2364
6474
5012
3049
1980
3546
6616
9247
7894
5735
2818
4410
5891
9314
3604
3694
6125
8558
650
4613
4905
4068
1488
8402
490
5943
6410
3873
6242
8136
9514
5031
6102
8666
8240
7849
216
2026
7442
5033
2609
14
8248
9031
4004
9892
2380
424
719
476
970
2755
7967
51
5852
8519
2690
2410
1587
4724
4597
6437
5046
811
1305
83
2170
197
4641
621
2152
2242
4019
3464
6042
9505
9954
1502
1103
8710
662
8795
7181
3958
5596
4205
8937
7032
3502
3916
7338
7472
1896
1639
3765
5892
6227
9896
4872
8627
3068
5056
715
109
8803
6409
8437
6564
5585
2450
4372
9905
4695
8292
3160
654
9141
1855
7080
4802
6191
3790
2619
7964
7582
562
9328
5569
7428
1060
1751
9924
5146
9058
6463
7464
2316
8823
4062
5577
7599
2969
3018
141
8518
9532
5770
4334
1789
2718
6140
3650
7209
3429
8546
942
3140
2444
4379
3507
912
2283
6963
3306
1439
4204
3116
5762
9001
4452
9364
1540
4246
2875
6713
7562
4631
6475
8115
6639
4348
1001
7721
4466
9935
5900
3807
2942
5157
7002
5198
7954
5661
9764
758
235
2356
6077
4820
2029
961
9259
8543
1417
4708
6026
2360
8648
956
2744
7414
2981
6614
2789
1849
807
9940
9326
936
8460
6516
8070
5402
1836
7886
4213
9447
1542
6805
1907
4061
9336
8293
7400
2265
7995
5003
7996
9523
4892
223
1268
5800
529
2731
1552
2216
7525
9095
4302
356
1464
748
2465
1915
4556
2577
5014
3205
3329
5328
7317
5563
9847
2440
9830
9443
8129
3333
9321
6620
8123
852
338
5217
3852
5277
8837
5283
8430
743
8964
2503
8564
130
5686
882
6439
428
581
3658
4038
3673
9072
2490
918
4839
7015
8102
3586
475
6328
1725
8859
6499
2345
8358
4912
3234
8160
2055
4317
9415
3521
7865
1873
7834
7598
3886
3541
5873
6553
9386
4240
1034
2801
7892
6433
579
5955
9793
6209
5769
4687
5475
3405
5952
5868
9627
9355
1584
7567
2526
2041
9064
1089
5705
7662
3317
100
4805
2412
6389
723
2310
1149
8164
3766
3537
1750
2135
6422
6280
3813
6594
8009
5704
6696
2865
2910
295
7518
1949
5338
1440
6979
5066
240
940
1163
399
3818
7868
7369
8544
1231
3384
3651
6117
43
7167
927
4574
2068
9546
5027
6037
3359
6769
4104
5990
5384
5098
8034
2243
3713
4233
265
6342
7935
5956
9691
8962
1465
9987
1042
853
8590
3236
1508
3803
7609
4595
3252
7265
3714
4764
8468
1594
2770
4507
7321
2568
4762
1934
1942
1846
2509
5696
8554
3643
2699
6229
9309
1101
1782
3911
7019
175
4645
6918
1122
6282
7675
9577
9096
1254
4117
7527
3134
9695
104
7048
3964
975
1931
2823
4842
5915
1323
7364
276
6172
3226
3840
2241
1637
8375
9389
8355
1310
2098
3866
9991
590
1662
8566
3179
3679
484
801
7949
4705
350
4729
4855
8289
6896
9431
1948
8667
8780
4639
5037
7429
1534
2178
9618
7838
5237
3952
7260
5052
6098
2481
7391
565
1311
1821
7166
4701
7981
5818
1366
7267
5173
880
3156
7485
465
8545
7309
1970
5177
3021
8398
7999
5337
3930
6449
7658
2697
446
5321
7441
6327
8419
3045
3215
3351
897
706
5697
6859
3105
7301
1295
2021
3193
3667
1448
4691
5385
4975
8224
455
5694
8054
2637
6611
8035
7017
2175
762
9419
5188
1616
653
9619
7619
8175
2904
8479
9208
5908
8485
2548
779
8150
9154
8315
8825
9644
4853
617
2387
7
114
1315
8106
5204
8725
7330
3206
637
9342
3347
7644
2794
3893
1414
5306
5644
4576
5716
1328
7027
380
7705
4657
3145
2449
4105
6502
3912
2043
3515
8122
9958
2837
9571
1848
8199
5685
4274
704
3119
6990
9399
575
9199
7150
8720
6878
8601
9653
1185
3688
124
4208
5483
5785
739
336
1693
5141
1845
34
1606
8333
88
8030
9525
6405
2057
6537
8912
355
157
6508
685
18
6416
7809
1545
4564
3172
3327
453
2808
7229
6366
5368
333
3499
3483
9493
9212
8056
2209
8119
7446
9551
4515
3315
7968
4469
2471
7848
3850
4727
1531
1258
7379
9149
253
7694
6154
3702
5252
6378
948
2797
6160
9824
5023
9856
5709
898
8582
1811
7039
6807
8241
7382
9426
6519
7722
4393
8658
4781
1036
3646
8029
9923
6671
9789
7686
9740
7423
3910
9762
4908
8621
3501
5069
5223
3895
4075
4772
7316
3414
5593
2925
8571
4558
1344
718
3883
2393
696
8538
2812
489
8931
3975
3577
5174
5869
6552
8882
7891
3005
9467
6538
3271
6299
9763
2284
2100
4552
3397
92
6742
906
3366
7278
3114
1318
5665
9370
2404
5299
6655
3495
4253
7033
9487
3760
3686
6337
9598
1678
9848
9167
5002
6658
8940
7245
3118
857
834
6991
178
407
7430
9308
4606
8100
8988
6982
9909
9628
5386
8975
8668
2153
71
3820
6794
9920
9980
6733
1203
8868
3689
5540
5847
3426
7616
9504
7024
5628
9780
854
372
8231
9023
1754
4368
1293
6375
9632
1696
1868
5950
950
4219
4254
764
2977
6036
3314
3162
7775
3794
4468
3132
1012
7526
5279
4406
9548
5581
931
4964
388
1466
1127
793
1063
7473
3011
6778
3627
2497
3980
4531
8750
6269
4192
8381
1667
19
5920
2165
593
3897
5057
1795
5304
4913
4546
4049
7856
3287
3747
2124
3364
4770
6692
619
1615
8858
2181
4300
6988
152
4187
7087
9052
9075
2712
4860
8064
3863
2240
5980
5583
6765
1965
8540
4329
9170
4920
7943
5270
4581
4812
5029
3195
1802
5865
6521
5435
7300
53
5586
9962
8266
5877
6612
2778
7375
516
2606
806
9866
7572
5842
612
9989
3831
5178
450
7228
3991
217
406
5203
4961
5281
3826
4165
6566
599
4791
1677
7673
9183
8678
9916
5602
349
6915
3121
417
789
373
5816
9948
7184
6845
781
5603
776
3376
325
7134
9692
8813
1377
2581
2967
2939
5396
5463
8185
5327
9934
4607
5996
634
6175
5614
8209
2520
6196
8257
6033
893
6084
398
3312
2933
1172
9469
2687
1541
9680
7695
2285
2448
583
5344
4654
6934
7815
5972
6864
8829
4526
5456
9519
5941
6064
303
4937
884
5370
4947
1990
8682
2811
1067
4956
4685
2695
5160
3579
6874
7560
3248
9071
1351
6847
6760
2301
6413
6236
1286
3872
7210
3913
9151
3273
8527
1240
3692
1634
2156
7974
1510
5423
9634
8114
7156
5722
8967
3560
4150
2488
5381
886
8586
6294
1317
4174
5375
1313
5214
6602
9606
6747
9893
9520
6642
4376
7447
6348
8301
1784
2705
2657
5510
2117
5511
5936
9274
4224
6296
8657
4287
9509
1785
7741
4873
7831
6729
6745
4954
4769
4750
7542
7158
387
8184
5296
7923
6964
5081
9957
674
869
4667
1573
3884
6443
3842
2573
3371
5921
4709
4489
9093
1125
7787
2886
4234
8497
8361
9010
9363
4676
2986
1408
213
8560
480
4779
2510
3122
2973
9068
2990
4816
2911
8407
4001
3125
2832
6493
9178
9046
3618
5688
2540
9748
5035
258
3253
951
9524
7109
9855
9607
2160
7462
482
4670
2025
7350
6643
3945
3323
7297
5526
8852
1744
6757
9540
9968
6407
3585
8875
5329
6504
5742
4979
2830
9867
3403
1983
8176
6574
121
7601
6920
2146
3052
9417
7065
3762
8238
3251
7844
1730
309
8671
5102
2593
2379
3709
5325
7921
6619
9871
1900
3874
9725
543
8999
5579
3008
800
6361
4916
8807
6524
2928
7219
6604
9369
7984
5528
4758
4697
9539
7041
7618
9507
2357
4191
3926
6525
1141
6919
231
239
2363
7911
1991
3470
786
4417
4182
9191
5377
7392
2229
8547
4397
554
699
788
6399
569
2984
9853
5901
264
2266
9080
3009
2882
222
711
8307
4318
8083
945
642
2887
8305
5428
6186
8902
9139
3987
7851
721
1941
1325
7860
3461
4035
9117
8221
4822
1806
3870
4400
347
6956
6325
5478
5808
2442
52
6147
5558
6589
4091
8760
6665
567
510
8866
9755
2551
2700
9859
1124
7747
1186
287
153
7283
5737
842
756
5047
25
4666
2222
4092
838
6567
1554
6398
9952
5691
9881
8563
6024
6885
780
6123
4175
6581
6699
8844
6947
7715
2906
5317
5430
3148
2955
5202
5295
462
6322
8506
596
3906
7187
8528
6472
1469
6849
5559
2491
9706
9850
3623
8008
4562
2785
9119
8505
688
1177
6277
6865
4255
4837
1274
6937
5518
6800
3518
7523
6228
93
8687
4857
9219
9807
7185
2132
651
7090
4675
812
3046
896
763
5744
4228
1993
7646
7930
5932
9724
62
3390
4615
5254
3875
8832
6961
5753
4584
8995
714
6958
9518
1913
5668
149
4745
1030
3953
8459
9132
7685
3220
5083
8156
9683
7710
1349
7192
5701
322
7266
8684
9742
9332
5515
5657
8577
8084
2607
5452
9851
1772
2938
5718
2272
6749
8287
2829
7719
3014
3784
74
343
3177
2511
8326
4173
1188
761
6331
5928
4057
9267
5797
8380
7852
9512
3719
6630
2670
5783
4768
4543
2459
6539
526
7348
5809
2432
273
3778
31
2946
9009
177
9003
6136
2640
1721
7386
3391
1403
360
2683
4008
7390
5095
3136
6881
1098
4817
8465
9069
9836
5608
4953
7096
9203
4414
6925
4231
4988
2664
9602
6286
2446
7871
9766
3977
169
6798
7413
5570
9206
208
660
5574
1028
3821
2564
1938
1986
1581
7246
8516
7902
6636
4763
6801
1407
384
6323
5684
3539
56
285
3138
4925
8324
7038
5134
1415
9392
7864
6486
6358
8789
5357
5415
1595
8211
8227
2730
1053
3311
7029
9972
3074
7880
8161
2074
3406
1479
6869
5948
412
4116
6992
8141
4100
1597
9297
2891
4521
7704
7448
2166
5573
8071
2049
8851
8758
1205
2519
8933
9105
7477
7846
6201
5817
7242
2168
8494
7215
2201
2294
7257
7745
8060
8143
6556
9529
3275
8055
4006
3389
1048
759
9217
7004
3935
9150
1299
8308
613
1679
4995
6424
9090
1607
159
1521
3178
4210
2546
2841
3111
7755
5314
9198
201
1006
5108
9451
544
1064
9611
6029
8635
3901
8798
241
6262
4972
8573
5831
9453
2612
4773
2851
1718
9059
8025
7445
1294
3855
8970
7349
4836
5472
7146
3276
6827
2353
5424
2367
678
8797
1833
8724
5413
1329
7908
1146
94
4485
3527
2059
233
4474
441
7569
442
7893
132
8244
1147
2325
1289
4611
1883
6957
8073
8715
7793
2582
6772
890
6149
7980
3468
2388
601
6254
5912
7136
1963
1044
6211
7243
8729
8012
5043
2237
6157
8433
5262
1642
1669
7061
6183
2616
6293
7509
7963
7771
1578
4794
7088
1251
3921
1372
9082
2457
5342
8751
2464
919
6681
9678
9264
3556
5802
2354
9610
9562
4797
1838
3549
205
618
2122
4680
9319
418
1504
4616
7045
4965
7500
4483
873
7342
3458
10000
7873
2970
8232
5218
5656
9224
2097
5333
878
97
8898
2594
9999
5350
3353
7023
2966
6384
5222
9800
9705
2681
1826
3845
219
6179
6485
9015
1886
4702
9542
2639
9516
282
5553
6233
3795
1926
257
3334
8412
4911
9176
1493
2333
1445
9821
8463
7196
9938
3398
7199
135
8300
8707
9608
1565
9902
6703
7885
5934
5191
6546
2958
860
5794
7395
8098
8074
7917
7234
8149
9555
7703
47
6810
6893
5212
7089
5500
3340
3735
556
3352
2245
3631
7792
9769
6295
8101
6128
5863
194
9131
2959
4936
8871
6046
9249
7139
738
3927
5106
3841
4407
4288
8774
2402
4915
5690
5125
4590
7634
3721
9581
4718
804
451
405
203
3712
8878
5294
3561
1035
321
7040
2082
5183
2028
4034
6528
165
2809
1302
1727
808
4322
1490
4238
5362
4804
8904
4438
496
8457
2726
8862
3647
9798
8372
1360
524
4357
3154
1363
9545
5514
9187
3262
7328
3695
8561
2372
7540
7785
6562
8965
3653
5557
3452
6960
2400
7816
4124
9693
3988
7960
5777
5964
7064
6457
4765
7929
9129
9135
2535
7180
5743
6856
7071
5841
1266
7738
6663
1496
7280
3171
1209
1447
1198
1824
2559
6076
1400
5957
4742
656
6115
6226
3899
2974
3565
4115
5
5221
6364
1600
5679
5001
6759
326
8331
4522
4494
4982
5201
1880
5064
7162
6748
5155
9553
4303
2747
9290
3369
2518
7520
8759
172
7678
5643
7657
6385
5090
2507
4951
4197
2171
3449
9430
301
5564
6265
4123
5575
3491
6498
7736
3069
7274
5439
1026
5302
1673
4207
7592
374
5741
2392
8575
3881
3152
4869
1239
2599
4072
752
7202
559
9147
9786
5239
7222
1755
7440
8444
1548
1780
5062
9054
5623
5850
5419
8646
2611
6709
6343
7925
8605
1860
2477
578
9964
5854
3594
4633
774
9915
3450
8170
492
7247
9944
2956
5788
7855
9380
9193
7188
4453
4949
9048
1296
5807
6513
4529
4569
8799
5019
1736
9329
6822
6268
2198
2323
4245
5531
9565
2022
1020
1898
9554
8406
202
8670
2703
6340
4737
4627
2662
1107
1978
8159
5979
6585
867
4065
7233
6883
7438
3207
209
3774
2554
96
3400
3865
2350
2136
3328
6403
8400
8856
4422
5519
6523
105
8507
4188
3605
4512
6316
7397
9033
1456
1081
2764
3090
3341
533
4369
4621
2679
7797
8332
4211
5447
7800
5493
8365
4435
1713
4033
3867
1104
1711
2566
962
401
4747
8364
9425
8879
8672
1646
2676
1156
1121
8998
5530
4878
2881
964
2044
3903
9535
7665
2321
7411
2006
8069
1792
3637
4380
9687
4978
2752
4212
6700
2628
6903
4108
3871
1892
1882
7016
2130
5998
1232
6615
8096
6045
361
8685
7034
6677
5345
7767
2034
3349
6846
5030
8781
7454
9216
6461
9530
2706
3097
1109
2113
2231
4980
3199
4374
2556
4870
8200
4181
6579
5501
2625
1115
9192
8428
2313
5301
1657
2099
375
7819
2692
5436
4178
2264
9260
745
392
394
8472
8260
6471
7093
523
9445
9728
2397
5765
2063
7531
7176
5682
4800
9861
7315
7713
3020
7689
9089
6541
5416
4419
5747
1709
9898
3938
6970
2803
6721
7535
9184
1076
9521
9657
69
6127
4036
8203
1111
8721
8169
7932
2498
2552
741
8683
9489
2066
7130
4261
995
6330
119
1529
3441
1733
5856
5092
8062
2058
1927
3949
2877
7123
1484
4677
1917
5176
9434
3258
6001
6978
6712
1960
2578
2425
9172
6069
646
633
6066
1189
9753
1790
3592
561
5286
6178
883
4012
1005
5371
1364
9564
1230
9675
7107
3756
7450
2937
4771
531
8957
9485
4445
8425
45
9121
5580
4640
3947
8828
5152
1714
4658
8692
5576
3944
6452
167
8478
3298
932
5726
3516
1171
9609
9831
6526
7474
3423
6085
2645
248
4899
9572
5000
1467
3655
5462
3060
6770
5406
2422
5318
5193
2169
5167
1033
2914
2385
1131
3768
2312
8483
186
2298
6270
6053
8881
8989
3983
3480
1441
8804
8850
4298
7432
9097
4603
7555
604
9398
487
70
3636
6428
7604
3876
8863
1476
3684
7867
2116
506
2420
7857
3625
9316
2982
6930
6923
9120
9834
7452
734
7463
1196
2050
2225
6151
1497
9137
6256
9162
1875
2991
1776
4384
2608
2538
5630
6031
1585
9307
695
4557
5784
4881
250
1672
2613
7465
7590
501
7141
4832
1825
3763
1720
7402
4256
7652
5498
3641
1324
8445
7115
1206
9221
6093
4655
835
5884
5757
9875
1477
9279
770
5051
1428
9230
9125
7211
1395
4236
5376
7191
4968
6203
9026
4352
7216
2525
7654
2486
9282
5849
9126
9306
7615
9428
7853
5379
3959
7132
9466
9749
3776
2961
5091
4741
7456
6192
5504
6599
6032
7183
8746
7992
9622
3550
5403
2643
8712
8732
268
2463
5187
3203
6583
8514
7427
8174
4043
1724
3705
6143
6301
2129
3703
5349
3419
7951
8775
5028
3150
6809
129
1381
11
2762
4244
7331
967
3889
3077
7545
6495
9736
2377
8434
2523
7801
7467
5425
5640
4353
198
4864
4058
8130
1283
1971
9165
572
397
1620
8855
5310
3879
8521
3915
5440
3603
4396
8509
8510
5954
358
594
6119
1815
1119
4748
2978
7541
3718
7901
3274
941
4930
238
8314
3303
8172
1279
1031
3102
6924
8214
6689
9832
7037
3023
8261
658
9270
1987
2743
6174
1462
3900
6777
6511
6785
6948
9281
5902
8288
1410
1759
6622
2009
8595
2433
2634
6685
6659
6734
151
1777
4426
7623
4247
4189
716
2760
2246
5829
9311
4482
7353
7148
994
607
9310
4218
9435
4535
6450
923
8451
6351
7626
507
5503
1661
5866
8247
7217
6465
2723
1148
6442
5290
8489
5994
7140
817
4955
1150
5355
7506
2816
8915
170
86
6922
4373
2915
6725
4464
6691
837
5984
8641
5231
3739
2894
5181
5627
5819
1004
9236
8982
6008
8453
2078
4523
7982
3348
7214
90
8749
8005
6338
3078
5131
1252
3654
4999
6840
8977
4343
2502
323
2595
1288
9477
7610
63
8801
8905
7870
2856
5588
7596
7358
2795
9109
4361
1553
1732
4260
3086
5320
3237
944
3849
8766
5465
4903
4119
7739
4885
4158
2335
4252
3457
4405
5016
7714
969
4831
4358
6518
6621
9180
6555
8344
7239
5259
3979
8968
1316
9946
4626
2337
2109
7072
9179
4321
1564
7896
6828
1608
8319
6039
2208
2162
6237
892
4055
3907
7882
3061
3720
5324
391
2633
2018
5438
6165
1275
8757
1126
5887
50
2665
2206
5552
2212
7336
7231
1851
3963
2311
2659
5139
1255
5945
5041
5059
5615
9289
2944
6357
1791
6909
1421
2688
5846
8979
2001
6483
481
9640
8883
965
3972
9702
6421
5909
4623
7977
6993
1930
8166
1376
6218
1992
3538
9533
5461
1370
959
3372
3445
1397
9098
9910
211
6578
1862
9721
5811
8512
2332
6435
9334
7754
5154
7036
5236
8748
6058
7814
3212
5444
6432
8404
9388
3868
3578
4166
8552
5715
7312
5143
3611
2913
9085
4796
7059
5999
7404
2027
1609
8470
8790
6170
23
603
2758
8262
8057
8132
9050
1029
9261
106
1458
1874
8534
3697
7570
3196
6063
6396
2652
2110
9922
3659
6114
1746
9928
6897
1038
9835
6717
1864
8118
7953
2221
6704
3595
2263
2514
9874
6245
2585
4335
5267
6367
7388
3981
3448
8340
7804
1756
9385
5740
5122
6376
871
1249
3330
1974
3344
8151
6781
9007
1985
5351
7807
973
3380
5745
7356
488
7656
3711
2291
5813
3387
6590
8645
2863
8354
7808
1088
1181
5319
1902
9317
4291
9160
2674
2647
3836
306
293
8139
4504
8608
530
5407
6914
513
8753
8103
8360
99
9880
3615
4541
7279
4700
9037
8663
4135
7333
1139
1314
3159
5923
9396
7171
2151
9907
813
6686
1242
5241
2258
3472
1077
2296
8887
4293
5334
694
6448
4575
199
2115
2161
6791
6141
17
3149
1599
3498
8322
727
3373
4363
9544
8888
6078
2935
8499
7409
4171
5886
7947
5734
4193
4443
9474
3572
7173
2541
4599
1332
3249
2045
452
7240
7698
2999
1151
2993
2159
7204
4437
609
3531
8290
1128
242
4480
7275
1068
2322
2429
6806
8949
7629
3343
4083
4780
1032
9599
9459
1817
7289
2866
78
9768
3146
3109
8529
3286
6675
8438
9778
6255
9684
6103
3628
2940
4428
2051
3375
2299
404
8984
3602
829
4014
8643
6182
8426
635
7827
7069
2651
4294
7750
9276
2305
3832
6166
2763
9092
4309
6866
843
3891
3051
7164
8086
9163
4790
4102
9951
540
2473
2103
5249
2472
1436
2249
4907
2560
7605
2822
4201
3127
5265
7753
9005
2451
9358
7639
9761
4604
8033
856
1979
4960
4081
1238
9917
6867
4113
2734
8422
2720
2923
1839
8202
7847
8889
133
5038
1536
914
2455
5113
8183
5535
6631
1867
371
9681
9541
5096
8515
8625
9758
7522
7993
5878
1569
8236
3509
6601
9690
9877
6584
9155
8471
6257
4519
6130
2475
2805
9723
9666
2375
5392
5695
949
9215
9918
4850
3843
4600
5197
2847
8567
9055
9266
4901
5646
362
7976
7674
6573
7726
4184
4566
4311
1865
7529
7119
7020
6467
6908
9865
5118
2436
751
5240
9202
5641
8147
8640
3986
3164
626
9747
3838
7574
498
7351
7706
2106
1227
1453
2236
3411
5060
8382
4404
4538
2315
6670
889
3851
5268
4471
1698
4328
2989
6514
1450
9413
3130
7683
2630
2073
7363
8779
9365
5383
3666
3192
1333
1480
126
922
3525
3346
3336
9858
7384
1322
2134
8367
6843
6386
6156
7086
3006
3793
6946
5885
3728
5291
3707
2330
6221
3304
1643
4568
6788
5499
7536
7282
9462
1835
2804
9292
4749
3
8309
5225
1758
2845
2569
229
7453
2524
4723
8469
2901
1301
6706
9159
3186
3455
3780
5233
6082
3320
3113
3635
5101
4097
2362
4157
8226
1353
423
4266
1613
9263
4139
1878
1446
8206
8256
8788
9456
8853
1656
6258
6981
3482
5433
3268
1118
4029
6877
7742
5660
8196
9729
2975
7768
4418
3937
8040
2179
8378
1201
3685
1952
2591
3079
9751
4948
8216
1236
5048
1341
190
6061
3968
7952
4045
9298
2773
1787
7551
6137
4429
9488
7841
2889
6040
6554
9837
5822
8436
5162
5522
5836
7624
6558
1629
7352
9006
1335
9936
1946
6106
363
4593
3678
9593
9465
8792
5787
8805
5601
40
2371
1984
1798
2926
2921
5652
8246
636
8532
5542
8770
421
849
3674
3955
7519
4440
7387
8731
9813
4297
5454
4738
4630
1829
3201
7781
8872
1269
5888
383
3668
5805
7608
6264
9492
2419
5625
2476
1045
1905
1579
7082
3547
6561
4977
592
7236
2903
435
9318
7434
3318
5544
8941
4827
8917
2104
7878
6738
2300
8259
218
2340
8042
9670
9661
649
8697
9930
1095
6362
2484
3080
9496
2036
1416
7647
7483
2561
1589
9110
1796
4736
4849
6207
9004
9745
9448
4976
8061
5882
4841
3417
798
1666
6317
3463
8264
8768
6374
9325
4185
571
1912
7160
1760
2493
988
953
1499
5363
8006
6097
848
1200
3788
7068
1601
7108
9171
9353
2550
2142
1887
6438
3267
4694
9312
9112
935
2814
5341
3000
449
4863
938
6336
1402
6200
8441
6028
5208
7507
2431
7496
4164
5855
6863
5572
5067
6545
2722
6022
9028
8916
1244
1202
6142
2177
7858
7097
3512
8278
9464
1966
9116
318
7361
7053
2772
4551
9803
504
6356
2458
7907
8551
8313
6105
6359
9890
900
3783
9412
4587
5539
8639
377
6582
3144
1635
9043
7711
9238
2954
366
7490
4146
7554
6050
3459
9030
2833
4493
1715
5529
9816
486
9500
9478
755
8349
3754
7480
5687
5655
6145
9781
7174
5137
3025
7973
9998
9156
8976
20
1390
6360
3862
8734
3769
8432
1809
1080
1740
6892
4451
9335
6108
400
6549
3587
4046
2275
8037
4313
7420
1117
515
668
7693
3071
1850
8822
7565
2732
7727
1770
4987
162
8794
6341
9647
5238
9772
5039
7794
9169
5132
679
6355
3529
8620
3026
315
6592
6388
7987
7258
1500
329
5760
4688
4051
7114
7376
5826
4725
2912
9418
9127
5109
7131
6081
2787
9782
8379
833
4221
3189
5930
6799
6315
6065
8134
606
2215
5395
1306
2193
8839
8148
15
7826
2813
4618
9416
5843
1248
3505
8747
4858
8769
4286
3951
6062
1728
4109
4408
8857
331
5975
8095
527
1300
5473
5650
6430
1847
2735
977
5026
6436
5011
4854
3233
9587
2119
8496
5297
5859
5323
3956
6285
8609
1050
6303
8615
7651
4784
7788
1046
8403
5896
8291
9912
6180
6821
3280
7075
5876
5025
8942
4063
2983
1631
72
7883
3573
3559
6347
4835
6890
5121
1174
4229
2401
8796
9988
3932
87
4971
1690
304
7339
6501
3123
5677
471
8396
5210
9673
8448
3073
7688
3629
7000
5164
750
6984
7723
5005
7371
8556
7426
5966
2849
5394
6278
8815
8824
1881
8312
2128
6441
3814
365
766
2557
1348
2020
4788
6635
2086
3848
8953
7912
3748
2799
2355
2255
7381
3238
1431
33
7337
7145
7670
3617
2867
5169
1602
2870
1489
9635
638
7762
438
425
5460
4970
4446
3283
8329
1624
4276
2890
7366
3994
5366
7161
3147
9375
5153
176
2592
5821
1710
9559
6889
6669
5917
4195
3792
2187
3302
7936
2626
7630
9138
8980
9360
5606
8865
9756
5963
4085
7676
3421
4144
9537
8579
8477
5322
2158
2396
6162
1695
65
3513
772
3555
1100
9174
3798
2369
3492
1066
8245
5675
546
511
3462
2776
3089
7373
5571
6095
6767
4761
479
9486
6243
5839
6510
1468
9878
22
3824
7648
3082
6975
4967
9534
4500
3442
1378
3827
7503
1837
4180
8410
2230
2883
6222
364
3799
2615
7700
6019
7226
4665
9651
5346
6931
8031
6603
5548
3652
6015
9616
9552
4921
5527
7138
6591
3300
9265
8553
2905
7866
2565
7276
4577
2680
6088
909
5520
8819
9406
5538
7660
9101
1807
2748
5619
1228
693
5725
6334
7595
8631
7687
6382
8555
5609
3736
677
8328
6986
9879
2326
1843
4112
3332
9897
9450
8182
9103
3752
8219
8310
3221
5893
8014
2460
7101
4744
8011
7252
2054
7319
4089
4826
1459
1470
629
3278
2821
6189
123
861
9104
5017
3946
4698
2775
7699
7344
5974
4315
5068
4943
5195
332
5397
1563
3241
3083
9070
1391
1357
7850
1861
3998
2467
291
947
6217
2532
3642
4270
4427
4476
2016
9303
8733
8896
1434
9812
5399
3466
6470
5076
4441
3135
9884
872
207
4648
7512
2963
4851
4132
9511
9665
4726
4020
1604
8142
5935
2727
2580
1997
1894
7249
2373
5913
429
8439
2239
3804
999
1481
7195
3802
7537
9025
737
3041
4957
6646
1823
6068
9161
7913
3460
3339
4355
5100
4610
2005
9978
9295
6656
6373
9809
9955
4634
514
473
7250
7368
6527
8517
2858
4663
937
5898
2408
3137
6852
4013
7773
2359
3984
4282
9949
3103
9685
7802
2918
9338
7370
3478
5273
8152
1291
8891
9744
8067
6230
12
7232
749
5613
6491
8286
5752
3091
4672
4895
8091
7296
5562
700
7765
7751
2854
8447
4503
3744
4880
9682
164
8233
2091
2085
8284
2527
9128
9582
1723
4662
4402
702
3297
5728
6610
2601
5278
2279
8105
6837
7299
769
4484
551
9720
5124
8885
3816
2430
8000
9470
9629
154
9658
3313
1498
1958
3473
8230
2366
8525
77
5922
732
9024
192
6005
1368
6839
7254
2976
5897
280
2092
7168
2003
8996
8674
2190
5358
2553
2786
6912
3967
2474
8186
3225
2288
6862
7985
1708
6059
7406
1897
6544
3223
286
6728
3321
1775
7884
9285
5874
1007
7702
8800
8249
3544
6976
9703
3043
6587
6762
9123
2790
3407
8843
3301
4743
7514
5546
1259
663
2118
4990
4186
5303
4876
9374
4257
5487
4959
6808
7493
1899
8440
9810
4871
5659
9322
1668
1556
9864
9408
9454
337
3882
9313
9741
1267
3010
251
6118
191
5300
5658
5149
8773
1959
8210
9002
9779
4730
1879
7326
9550
9573
2277
1994
6250
6009
2622
3282
6906
1304
1557
7013
9641
3401
5464
2004
6453
7709
6580
1319
2262
9136
5094
525
3810
680
2826
8812
120
5607
2838
4952
28
5774
986
8250
731
8660
4030
4614
5699
2574
2271
4382
134
7341
1964
2766
805
8963
7425
7906
8513
895
454
6727
7905
6120
939
1379
3522
7143
1764
8366
982
1742
8600
9233
5165
3488
3133
8877
9250
1877
2140
9513
8078
5474
7895
7513
5537
2014
9382
7863
2096
666
8676
7746
9528
8318
8476
4327
4619
6953
1951
5645
9077
1218
6002
9825
7126
6876
8138
5455
8951
5550
4463
7696
3044
1167
8215
5750
803
2661
9239
9982
9663
128
8705
9775
8811
2080
3822
5712
2381
1237
6010
7111
493
2641
1281
3609
8923
2888
1426
7175
8220
628
6693
8845
9956
3908
7928
7357
8050
6231
996
9862
4774
7786
6744
4267
6722
1250
3016
8371
7287
9017
9457
2336
6780
9787
9891
8019
7345
2781
4385
6969
4811
6202
2663
7054
623
655
894
9051
1763
4624
5791
2998
791
5401
6569
7571
3554
4696
8990
4490
2948
6274
470
379
1352
8504
2512
4782
8987
1265
2771
4875
7128
2157
3440
1925
2777
8680
4984
9476
2218
573
1617
9458
687
4278
2968
7859
8110
6096
8094
5582
5840
9351
6829
8580
9860
224
8735
1761
3904
136
9368
8036
6999
7058
5860
1246
5991
495
9731
2636
921
9595
5739
6060
4902
8059
115
5434
9034
9588
5199
7547
500
187
5486
8325
5412
3775
4706
887
9613
3015
9689
9669
9716
2623
1518
1530
1404
847
5989
1805
7611
7783
6173
8841
5116
3453
6232
2306
5985
8706
1212
1342
2123
7521
5207
8659
3272
4714
8756
7900
7182
8778
1647
4041
346
5604
7989
6568
5796
6921
5058
5773
1264
2339
1176
5756
3574
998
5496
6007
2879
3634
7948
8754
6445
8492
8848
5336
8368
7961
2095
8530
1871
4268
8081
6000
4563
3210
672
5250
5382
4486
8960
8268
6600
7060
9919
1697
2885
9220
9713
9925
1516
1112
6195
4021
615
4703
4087
7944
3960
6641
4755
3128
3782
1320
5738
3950
7117
6531
3787
9659
644
6565
247
825
9869
9767
1752
4301
9200
5647
4807
1675
6372
9795
7255
8755
7825
4545
2042
1052
7845
2729
2127
5209
8087
2466
6370
3219
1526
2800
2172
6419
1361
2048
9650
4656
620
6520
2701
8093
2254
6223
1062
9056
1271
2927
616
7073
2468
3800
5055
3552
8565
468
6576
9805
9527
1492
2428
6354
4031
2689
1204
5736
2516
7926
6417
3185
1143
3100
2596
4005
1856
627
4059
2717
4069
9273
7179
2024
9652
5632
5959
9996
532
584
1996
6802
8700
5543
2183
2739
7680
722
8038
9175
6402
4661
8088
648
9225
9288
2951
2010
8593
6676
3007
6784
1220
8838
3163
1015
1684
3576
2273
184
7102
8063
830
1654
1392
767
6377
1303
8847
4712
5633
8948
1057
5597
413
7360
3017
8772
9113
1652
9662
9210
4989
7165
4549
4179
5906
5061
7546
5491
1194
3439
5578
8296
2931
8649
2334
5243
1337
4060
1783
32
9347
8820
4347
8761
7628
3722
7532
3356
9501
7653
1685
368
7958
8373
5517
3562
1619
7484
3012
2576
180
6687
2658
8526
2238
1622
8017
1603
8935
3257
1954
9479
4612
108
8418
3194
8956
4026
1449
1396
2544
2807
6550
2859
822
6637
5781
5711
2499
9967
3833
7697
9061
9189
3749
9711
3533
9275
4141
4997
6253
4304
3942
552
6609
2421
5621
6310
7749
8699
4775
8162
6400
586
4154
6588
4637
2846
3825
6702
1495
5749
7293
9799
1719
5662
5992
1512
7499
905
4540
7418
8943
3299
3750
3422
6515
5211
9166
8993
8051
4938
9839
27
3235
6444
9576
7412
252
1921
9497
6466
3393
3396
8958
4099
6870
8336
5040
2756
8624
3190
3490
3612
3175
1852
3759
2792
6071
4271
9271
9771
6678
3058
6381
7304
2227
9510
6379
4052
8861
3846
8197
7201
2424
4651
1910
7763
7178
1781
9845
908
7099
4588
3880
1527
6425
2533
2749
3557
1393
9843
4436
773
7556
9481
155
1161
1820
426
6252
7899
8085
420
7614
196
9522
188
3191
6197
9719
5636
5309
2874
6595
9287
8716
3054
7508
6271
8914
5185
8537
746
3030
5332
6701
2324
5459
2478
9027
2828
6013
3108
6313
4114
3663
6880
2521
8155
6917
7422
630
6891
3039
3370
1632
7116
520
3033
3399
3056
1804
8698
4082
9733
7941
3065
1891
1276
4199
5053
963
7530
2597
274
1432
8583
7105
6482
9407
3316
9926
1347
6006
5978
6938
9829
6241
9245
1998
8945
9927
2456
4009
4508
1543
8604
9743
2250
3435
8146
4884
4337
7659
8495
676
1547
2617
4544
8163
1270
137
4542
4664
9383
8911
312
7620
5798
5182
9122
697
9714
954
9579
9625
5610
8739
2398
8131
6161
8446
3187
4944
9580
3475
8752
1350
7632
6854
1726
875
4829
9981
3817
89
6212
4571
359
9686
3168
8016
5551
8842
7479
7988
4310
4713
2338
8032
8027
6205
1610
1729
9404
4939
9649
3279
8075
7625
7836
8777
2840
9400
9433
2806
3433
1830
3985
281
1359
1793
6904
7779
3216
3432
8740
5072
6489
782
1681
4416
1438
3917
9732
2207
3067
8633
2399
5793
7385
4699
6679
2908
8919
7085
5042
8890
2144
8895
4140
4088
39
4388
9133
5272
3309
5766
9838
7159
5910
2274
4093
4090
9087
7817
8383
9357
2072
9040
1165
4237
9694
1716
1650
1687
1384
2909
352
9243
4460
1582
3337
4548
643
6454
6168
1217
2101
7937
6394
4151
1307
6169
6664
6225
8388
1576
2710
4448
9214
8111
3211
3815
354
8647
183
1214
8611
3548
1025
5895
7313
6440
6023
7584
9420
7837
8894
765
353
7835
3905
5671
6732
4578
7717
5007
4148
9084
580
2820
5458
3755
7796
6307
9715
9645
924
6871
661
2631
7544
5347
5844
1625
6651
4683
9883
5832
1590
4147
519
4214
5618
7332
9863
7421
7103
6404
1182
230
5971
7122
9432
9788
2351
9021
1056
9679
3222
7307
9134
1884
2032
6542
6813
6942
2131
4131
1813
3218
3325
4488
3630
5215
2346
6645
4582
2907
3092
4163
1956
8806
9888
3837
1192
6075
6795
9411
9350
784
4456
3285
6911
4539
3757
8251
6627
9699
6220
324
8076
9491
7811
5624
1272
5172
1399
8696
9473
2126
928
2586
7492
4810
3494
827
4331
2378
3805
9124
7731
6720
7744
7487
7600
4894
5298
1051
3042
2513
8709
8585
4264
7189
3096
5724
5442
3176
8776
7393
3436
7879
9842
2480
8662
2810
587
4733
6723
6932
150
5768
4636
8488
5976
3425
4351
8947
6477
5070
870
9750
6985
3553
6873
2547
5103
5484
5044
4401
8978
9990
278
4259
5792
8390
6517
3019
6261
1071
9205
9994
4360
3013
5759
6273
36
6605
8223
2529
2583
3589
5965
2347
5409
5431
5226
823
8376
577
8833
2007
512
4601
4821
9543
8737
1292
2331
5276
4924
4766
3948
2386
6820
7155
7050
724
1957
7684
8831
80
4586
7137
9106
1338
6302
3717
2148
7012
9531
4945
5651
6509
1535
3758
9777
7566
351
2302
6842
4877
8907
9827
2067
3265
411
4732
5110
5523
2314
6763
9066
3115
4704
2945
5862
1922
5713
4159
3918
6057
8356
5151
4342
9186
8654
8718
7645
6753
9107
5130
1116
6593
9045
4844
259
5904
9229
2843
9242
3806
7612
7776
9341
8597
3801
5292
1520
8694
978
2200
7890
8695
8167
3724
6458
1747
6035
832
1075
3796
4740
5411
7986
1002
9901
3599
7006
5938
1605
9373
6329
1199
5192
4671
2047
3281
5271
2985
8317
1226
283
79
3290
7803
9283
1828
4003
5287
4054
4314
4130
2147
5115
7799
8213
9977
5495
7471
1382
820
2087
9556
131
6939
1187
1671
8971
9817
8015
8280
2064
8295
9739
4798
1435
1334
8636
9449
7946
3730
44
5634
5561
4973
2012
8541
3708
8498
8281
430
7129
1653
7832
9102
5369
1478
2980
1412
307
5080
7112
9503
6965
9403
7640
1989
5245
5477
7151
4106
3621
9100
7203
2675
862
814
8157
5359
6018
8808
6680
1471
9272
2370
8306
2423
386
422
6420
2071
9710
7777
6089
1394
1717
7533
2403
8362
3412
2426
1070
2391
2150
1017
7008
4823
7079
4629
5767
4308
588
1037
1371
410
4550
6512
4477
3909
1406
7486
4366
9222
7241
7622
1888
5918
4375
9337
725
4039
7489
8622
4505
1069
2233
279
7431
8691
8026
4528
7322
1918
4415
5720
9688
690
3413
5502
990
2864
4086
9019
7049
5451
2796
2850
3446
7603
8198
8276
1627
7635
8610
9201
4011
602
2462
5147
7290
3308
3307
9966
9591
1444
2289
8154
7163
2900
8454
881
8144
851
5995
6051
6104
6246
5253
6672
477
1455
5879
4279
6557
3854
2534
9248
6954
2831
458
4458
9079
8870
9654
3896
4966
9460
4098
2992
5071
3664
6112
3242
5595
3362
5206
396
3003
8614
3676
3978
8350
8840
8482
9067
3508
6746
9053
9241
9895
3734
6055
4285
1419
3607
8664
4852
3657
6737
5549
4592
7044
4934
6707
2352
6003
6879
4296
3198
2994
8703
1649
1555
3633
7286
5953
2494
5085
1976
1039
9482
9231
2678
1580
4227
4027
2598
7354
8413
4808
1152
1859
4547
563
2327
5730
1225
1567
5508
6900
657
163
6044
2060
2693
1757
7910
917
1461
5708
6838
7735
3489
911
2342
1947
9630
7498
5670
4650
7063
1336
8449
8021
5903
1819
9014
2673
8665
595
1953
2896
9194
6771
7798
1373
3725
4190
3551
7475
6741
5973
6455
3270
4985
4583
3860
3580
8089
4032
8626
1525
2677
8623
266
8909
547
7975
8535
2987
8959
1560
3129
8591
4861
5391
5927
9631
640
5289
1640
2878
256
8588
7585
4354
440
8817
7323
4848
144
5962
8337
6711
9605
624
7424
3606
4241
4424
5942
1457
8297
6074
2089
6803
4320
2964
296
7789
6320
9237
2537
920
7346
6210
6319
3322
6756
6080
464
7957
4459
4926
4232
7955
8673
206
4283
3416
1159
8569
2234
1398
6321
8661
9000
926
2105
5180
3088
2504
474
8864
6412
3582
6506
2668
6155
539
5255
8079
8140
4647
502
9376
8589
3751
2646
9569
9620
1630
6752
819
3143
6266
2076
845
4720
81
2873
598
2924
5806
6850
9791
7655
3048
1229
1575
1628
9268
2040
461
2384
3535
6967
2259
6872
8818
8550
816
3106
288
8562
3022
3256
1919
4047
4996
8736
122
1014
5248
1676
1818
5018
7780
4570
1018
1184
5099
4509
795
2716
4028
9246
9604
6090
5857
3260
5128
3785
4162
6049
728
2185
1137
2603
1995
3101
5612
8918
4746
4893
6383
457
2996
4078
5247
966
2759
2715
6987
82
4371
5858
8113
5450
7206
4917
3570
2329
9042
4316
9913
8153
5380
5089
6998
8173
7534
4145
775
4573
6653
7223
5804
8387
5470
3992
3167
3028
4554
2960
2492
9354
5875
4367
6618
6446
933
367
4690
3181
5127
2632
7564
6318
2224
2445
957
4040
2304
8983
7264
3924
7405
9173
4818
7579
509
2382
5229
4809
9570
8816
1389
8282
1195
5587
5631
7757
2860
8782
7268
9734
3036
4801
5554
2836
2228
4874
8117
8341
796
9158
1920
5779
3087
6324
3914
4787
1745
7966
1463
632
6851
1524
3139
1016
2922
148
3027
1091
3213
7284
5719
2868
4142
6662
4681
2075
8391
7014
7903
1870
1975
4497
9423
8711
8107
2406
9204
2417
8493
4024
703
3723
6167
8273
139
9143
4450
6625
4767
245
3355
8121
6726
6586
6735
3993
3126
3772
4752
8044
6054
809
5311
7227
2307
6423
5257
6030
5389
840
8926
9340
2202
7124
3789
7552
1074
4421
3169
5565
9379
125
8986
6644
9115
2174
9164
4149
9244
1155
5864
237
7764
1842
3104
8503
3227
9078
9638
7070
8270
8884
8618
9656
7578
8738
3856
7734
8480
8423
9828
9352
3791
8520
2138
903
4447
9254
1082
9655
9429
2094
8464
9047
9538
675
1223
8650
7782
3961
3076
4628
8723
7458
7641
1024
4378
7568
631
5184
6365
2186
5823
6072
3844
3202
1872
2435
4432
1475
2199
270
6087
5050
3519
9515
6279
3197
8846
7576
8339
9035
102
9933
1339
8239
4693
8013
4281
382
4455
4442
6297
3465
4518
2602
4251
9076
158
8946
101
3379
26
6563
5993
4377
9444
3857
5138
8932
8606
7790
6134
8656
5521
4391
7950
6148
2211
591
3231
8120
1623
4258
4263
664
2696
8225
6345
8549
6132
8743
9032
5269
2962
3729
7733
7377
9144
3024
5812
9320
5506
8603
2062
7091
8145
1061
4643
2862
641
3675
2575
2280
1939
7784
7094
8028
6974
6490
7998
220
1816
9603
6718
8704
910
3965
4777
8389
4889
3568
4439
1113
64
5693
6214
9472
6684
3404
4472
4242
3361
1120
5482
1160
8235
3124
234
9961
2949
1383
8708
8263
3716
4155
6043
3395
6973
4843
181
2754
6198
8570
7550
826
2656
9378
3266
7528
9567
4815
2950
1844
2244
2725
9331
3819
5420
7682
3261
7557
9578
9036
3228
8272
2293
4017
7818
1885
6617
2143
8936
8004
7517
1133
2164
2644
1221
8229
3409
1641
4929
4993
2686
4277
7813
4561
3682
6224
6473
5264
9213
7636
6484
8397
6135
2920
8533
4707
5441
1346
7062
5150
6480
5507
6649
9633
3029
7133
6500
59
4532
1049
5400
9612
9642
6848
9886
1168
7324
1644
6529
9931
9617
9770
6945
9044
7100
7577
370
6543
483
673
7869
9561
7253
6038
6395
7627
9395
9142
7543
684
6950
1686
1136
6298
9557
3424
3624
6886
4344
5939
5020
289
9906
8637
2149
7939
9900
3558
2093
2278
5988
968
7833
6204
5584
4120
6177
1000
7505
8821
1688
8415
1386
6905
9278
8785
4776
7380
5343
5427
686
4420
1533
5404
2133
3084
1011
6739
9664
5156
357
408
1876
7874
4909
4969
709
2286
2015
2090
1027
204
4719
9436
4710
3727
541
2654
6983
5388
3931
2997
5700
2916
9997
6705
9393
1505
1853
6462
2204
6536
729
8524
4963
2649
8348
6596
5626
4589
1572
6371
3767
3858
4340
1087
8414
754
7876
236
3358
6674
4553
8938
4935
4073
6144
6481
2248
6547
5293
1285
9942
859
1170
9943
4596
3811
1988
3962
2038
3368
5672
7005
692
4467
6017
6530
1799
173
8730
6901
5144
7067
3877
6613
2173
2318
2589
7294
984
7606
4341
9969
6427
1906
839
1509
1178
2317
1298
3999
9790
9677
9536
5429
2853
3294
4454
7843
2979
9484
7677
262
976
3381
3982
558
7417
3394
1385
7439
8330
7516
2031
8642
3639
5924
3230
1626
9240
1614
2120
1145
747
2348
6933
7081
1454
2902
7667
243
1969
9359
1437
7437
4682
3677
6607
7979
4923
3888
4215
3571
8786
5940
5356
6650
439
783
2965
7772
6694
75
8253
5824
3710
8713
7451
8793
5761
4646
9876
4922
8335
6164
1765
3797
7538
8969
8347
9140
200
4037
308
5729
6124
8617
5032
3683
3681
6902
1374
8304
9384
4403
9099
993
2182
797
2223
5449
1425
35
6208
41
992
576
8207
4413
6240
8346
5446
2844
6496
1812
4169
4928
5230
3259
8607
6841
9232
522
5049
8311
3892
5140
4280
3524
111
6139
8991
3687
7025
2714
8045
7491
3885
8903
3528
6121
9371
7822
9708
9182
5771
4128
3485
1999
8474
68
8827
8714
5961
3085
3493
7244
9575
1154
7877
3601
4194
4292
171
1794
2741
1340
5555
1869
4127
4470
8677
8594
5453
6861
1674
3779
6503
221
5871
4138
8128
5707
3616
5171
9899
6153
4496
2292
6349
7078
5828
4514
8906
9808
4598
3706
3183
4172
1774
1354
7482
6460
2835
6888
7237
7469
5126
1778
5590
9483
9196
6021
5951
443
8616
4678
4153
1380
3415
2070
3305
249
2506
5426
1233
2394
7028
5010
7221
3004
1180
876
6894
6244
4565
145
4516
831
8557
5480
5556
7194
8405
8363
9887
7092
8997
2083
9475
2780
3563
6789
6016
639
6308
7707
494
7633
5970
8502
3047
6724
1097
9814
4168
3444
6944
2056
2570
8401
7959
2660
6688
4198
6239
6152
5890
1422
6996
3269
4580
9592
8385
3887
8047
7416
2154
4825
7842
4795
5045
8908
4101
8952
8592
4635
6251
1766
9088
6505
1153
4998
1245
8630
6818
1522
6560
3430
3420
5638
6575
904
735
1365
10
4067
447
2563
6487
5780
3367
3497
8294
4394
8628
5175
6638
4299
4792
9145
9846
6131
934
3174
698
7193
8252
8043
778
5313
4143
7389
3487
463
1528
2008
7978
3543
6291
4064
2395
6661
5600
3971
9348
2235
1501
1908
9624
5653
1330
8961
5949
9574
272
4994
4492
5288
3385
8277
9343
8189
2102
3081
7708
6235
2114
3254
4290
3246
2530
4449
2389
1857
4
6941
1924
4272
427
790
7770
9323
3032
9818
605
3939
1079
3925
8343
589
2487
2268
1041
8320
6779
8484
7664
8158
2253
3354
3428
5883
8179
2590
2769
6311
4660
1312
4200
1705
3410
4560
5617
6494
7679
9995
6012
6833
4527
1659
3204
3941
2180
5352
3496
5054
6940
8897
542
4735
9118
885
5082
9868
1134
5158
9852
3117
1735
1738
9356
6034
1588
2629
8921
3526
3064
8802
378
9235
30
3583
5086
3053
5260
6773
6819
7470
2880
7169
3632
5622
5224
319
385
2711
2479
8052
8302
3600
3645
5509
16
4962
9437
7340
9490
5228
2343
5678
85
5258
6025
1388
5348
8443
316
3188
6332
4056
707
3072
4882
5560
1158
7778
8539
2139
4674
4239
6951
2441
9959
6533
7692
6469
117
3469
5664
8205
2539
1093
9945
1583
1863
5432
302
7914
4510
5706
7212
143
8669
193
7972
58
3289
7292
8826
7095
8728
433
3514
434
3345
3392
277
6304
4096
4594
7716
9889
1065
6716
983
8023
6570
7110
9339
7748
389
1290
6305
3781
2256
1429
5308
8384
1700
7701
3622
614
8217
4475
4326
9667
9823
6875
7198
2584
9873
4084
5997
5611
6213
2197
2269
5916
9409
4722
147
1840
6206
713
2779
5077
5968
9300
6792
3247
955
8068
3099
3438
1944
5246
7593
5194
5635
2571
979
5133
4649
7398
7311
60
6411
1309
6814
5087
1191
9801
5422
7459
518
9674
4462
5179
9660
1914
6249
610
4845
9718
313
9508
9277
1670
681
8242
4077
146
1611
127
107
244
4868
669
2287
8681
9345
330
6219
8237
5112
9820
8910
6652
6776
2784
246
5977
5418
8501
5732
5801
9621
9950
5795
916
7042
2698
5242
7329
7740
9022
9299
9197
328
37
4016
9073
2437
5088
1517
1511
9589
5196
1593
3690
3598
9746
8830
3996
2793
2501
3456
8930
416
3742
8353
2610
1950
5799
5733
5335
6540
4927
3997
7766
9402
5036
9973
5251
9707
5190
4339
682
930
290
9712
3626
1893
3479
7524
8168
6091
2107
2953
5676
2558
5234
6831
8392
6267
4525
768
5683
3476
1409
6451
1173
3644
4958
6887
1514
314
4161
8652
1739
913
3746
4731
7205
9773
9060
8109
3214
6817
2290
5717
2257
4950
7488
3293
9965
7436
9327
2719
9018
6309
7302
4689
9442
8342
8598
5911
7497
9921
6910
1387
7649
8455
9759
5469
6598
3057
6812
625
7051
3324
1895
1086
409
2737
2819
2376
8810
1142
13
4324
4919
5479
6907
7461
1523
1822
227
9727
116
5838
1054
8500
1483
6289
7909
2827
1260
54
7383
7142
1094
7737
4992
7502
8395
2861
8763
2163
1424
3520
4425
2788
9648
5105
6797
5880
5084
7476
212
1800
4196
9114
6234
7127
2414
1962
4398
5592
7022
48
4386
5925
5958
5929
2655
7922
5703
5365
1651
2485
4739
8913
2768
1215
7504
7444
517
824
9594
7752
5216
1129
2707
2260
7220
61
3142
7230
2505
7251
600
1538
3443
6534
3063
8193
5789
9301
6647
5782
3250
7575
9547
2383
8275
5513
2030
4669
5702
4478
1473
5405
3173
8243
6815
232
1083
8481
1486
647
298
5899
4622
299
2447
4534
5021
1961
9427
8854
8675
4177
7583
841
9234
7758
4121
469
5468
9108
9794
8596
4499
3110
5078
6997
156
7224
9785
2708
6690
3157
3360
4411
9502
4941
8416
2892
2188
3510
7828
9903
4567
2957
8370
491
5853
850
2852
7055
2600
6995
1043
5266
7077
2761
9894
6447
3812
9979
7218
2247
5872
4625
5443
4846
891
160
1183
3363
6913
6369
9296
6708
4914
1737
5616
8072
1405
7805
4430
9796
9822
4110
6935
7259
3737
9294
503
1096
5755
7589
7003
1596
701
1356
7011
3503
7970
6047
2736
9904
5145
6079
9209
6122
4520
858
7449
1282
2815
3408
1591
1808
8487
4002
9615
3243
2671
7887
8522
9251
95
4431
2899
2023
4230
4136
4652
4053
821
8417
5589
7607
528
8137
8655
7157
226
6126
7057
4457
7671
2121
6968
485
7305
4345
1
6052
6673
91
4890
110
2390
7810
5074
6994
5417
5512
7581
2053
2210
7573
9826
5721
9255
2500
8192
8548
5312
9
4904
4506
4579
3940
9372
9590
2691
4423
6408
7355
2895
9676
6027
9802
4897
311
2753
2019
7066
7515
5591
997
1216
5494
9424
2721
1638
340
4243
5967
1297
9405
3966
6790
2196
2650
7030
1660
6633
2046
1703
1982
3120
2684
9008
1327
4813
2065
6110
7197
8874
6434
1427
5987
7170
5326
7347
4010
667
3264
9377
8458
5907
683
8254
9228
5466
8435
6306
7898
866
4129
497
8126
4487
310
5022
8612
6928
6216
8369
4793
7007
1472
5398
7443
888
7962
2319
466
1901
3698
1568
6916
3511
4721
1544
1278
3839
8180
2549
1243
787
2802
2943
7415
7318
582
9549
345
6099
292
3477
9258
1092
8171
6927
7861
3331
3506
1132
5786
7378
6624
6943
7997
4433
9029
4759
6824
1571
2709
3335
557
1762
6657
1749
9757
4918
6353
1235
5714
2728
8195
5894
4074
8461
6823
3588
2220
5123
4025
8531
5008
4306
2724
1753
5758
7561
3245
8267
915
57
710
6697
395
1284
2917
8041
972
5763
267
3326
269
1411
8511
6193
3581
3649
5914
55
5960
6761
6163
6949
7407
568
7031
1287
2746
5492
271
2365
3835
8783
6073
8934
3596
7823
3919
8578
689
8359
2774
1981
2745
3001
1460
6629
8688
7190
9495
4071
9177
7945
7295
3771
3847
946
7829
3437
4786
8702
4986
4070
9976
9819
6397
9811
8860
2572
8869
4673
4757
9700
7875
6290
2872
943
9257
1972
7691
7273
705
4225
5490
6830
4933
3699
2112
1114
1570
1099
2344
3239
9717
1858
8572
7839
3619
7303
4022
9760
9013
98
6667
9885
1059
6187
403
7791
4481
740
8651
2495
9152
9849
6488
381
2079
7238
2000
5861
3545
3093
4974
3933
3973
5532
2947
3923
342
9252
8066
2137
3613
67
8462
8899
9672
7026
294
1166
9596
2666
3200
9381
6492
9344
1694
7769
1722
3834
4715
5372
7820
537
733
9185
5448
46
8954
9461
8727
7681
1164
3969
5013
3037
4473
8177
8190
456
263
9223
8007
5275
9517
2667
182
6390
952
9086
2276
1932
4591
2941
2039
6855
5015
1832
4125
6710
6393
140
3878
1433
1621
2194
6150
3471
8939
6731
7548
6857
1273
836
2203
4042
5648
9815
1831
4783
9506
8985
8972
1586
9623
8944
8834
564
3209
2798
2232
6926
8420
5353
2932
8587
1162
6429
431
9614
6736
6497
7135
2011
8689
4152
9446
5166
5534
2361
5485
7343
1507
8125
4711
844
2443
4325
1369
9441
9181
103
4095
6107
9975
168
9286
6804
6632
4118
9722
9362
142
3291
9262
5536
9804
4537
7288
720
7840
432
6860
1513
3638
6263
1013
1326
161
8393
5594
6714
255
4524
570
1577
8194
7971
7083
5316
8867
7638
5727
29
2522
815
8218
3427
5189
3741
8644
8619
991
8399
6194
8701
9280
2413
8285
6176
4206
6775
9597
2405
4289
9091
7661
9391
8
7263
9111
5136
6844